55.9123
58.6559
52.9999
28.0048
45.4425
33.2315
39.9259
20.507
37.5229
54.5355
35.5809
31.0294
25.1153
38.5996
30.6432
33.4702
35.0228
36.9668
39.7049
29.6282
29.606
38.6429
30.7321
37.7497
27.8203
31.2054
35.2864
29.7048
33.1117
25.5693
41.8013
27.1415
30.1202
26.3153
41.9404
33.1529
29.5034
32.4746
30.502
30.894
28.3828
30.7247
28.2156
24.6842
32.0306
28.8535
35.9012
32.3162
28.1569
41.1544
29.1024
28.2092
31.4666
25.6974
30.4788
27.4267
23.977
28.8728
21.9746
35.0689
33.8133
31.4732
28.4503
24.6896
27.4191
26.802
33.8665
37.467
32.0933
31.1306
26.3985
24.6481
36.5631
42.0682
29.0879
25.5866
24.1084
33.4546
32.8294
24.8206
34.3289
26.4787
31.0398
30.725
24.0013
19.1054
31.2986
14.8814
36.547
24.4811
37.0831
21.3905
15.7263
16.304
50.735
37.1557
40.3433
19.6208
28.5036
36.333
35.9863
45.0778
44.6778
28.3703
36.1662
30.5282
26.3877
38.5593
28.2522
26.417
37.0854
37.5377
39.8611
44.9652
32.4655
25.1928
22.4346
29.6678
31.3719
46.0208
34.1173
31.2327
33.8642
33.3901
32.1614
27.5512
31.2584
28.3255
21.7109
34.0571
36.7102
32.6881
24.885
30.2845
37.194
26.3919
36.1949
33.3437
39.7677
26.4864
28.1734
29.4237
38.1058
27.2686
21.1189
29.6137
35.6274
22.5727
27.004
28.6893
28.7153
37.0544
30.8248
30.3797
25.4765
29.1123
31.4049
26.5468
35.3166
33.3714
27.8443
29.3285
19.1916
33.7572
28.1843
36.7078
33.2713
25.2744
28.6904
23.6594
47.3307
40.4775
15.0603
27.3122
31.6448
25.022
25.575
14.8184
22.1602
26.694
22.9163
9.95924
61.6374
27.6925
61.9252
42.5909
61.4151
29.7112
29.087
28.8719
46.8649
44.4968
39.5155
35.217
25.0543
41.6535
33.1901
41.9984
23.7971
35.6145
29.753
41.2621
32.367
30.6899
28.8095
30.4368
23.2854
34.8369
60.6576
39.2775
17.6914
25.7208
29.2438
28.9754
29.0719
31.944
53.374
35.1127
30.0147
39.1068
23.7663
29.6014
30.2806
23.9297
39.3473
27.0039
36.7503
27.9299
30.8548
35.3924
33.2712
31.2246
35.0665
32.6826
27.7724
33.4311
30.0699
27.276
28.0691
34.5424
27.5174
23.9987
27.729
31.5659
28.5844
29.1027
35.2632
31.8644
18.6243
38.807
27.2171
30.6485
28.3605
46.6841
31.991
25.7574
34.2484
31.6061
23.594
23.504
43.3633
38.8247
24.2621
31.6635
30.4572
30.5551
19.4012
17.0148
23.0125
12.5655
45.395
40.3493
29.4156
41.5049
56.3634
30.5748
41.7014
47.2482
28.2888
31.4177
37.4739
59.3041
37.6093
39.1392
46.8292
37.3496
50.3077
31.6316
34.5044
31.4067
40.8838
35.6939
27.9036
27.8329
37.5791
39.6312
38.9741
39.882
34.5745
27.6576
32.9373
36.2933
23.3054
36.0229
26.7508
22.0355
35.1256
42.4873
39.7306
31.483
32.1938
33.5762
28.9682
27.2796
31.9019
29.0904
26.177
32.6952
33.2274
34.1968
22.493
27.7554
29.6499
29.727
30.0428
28.6393
29.7379
28.486
37.6399
39.9134
37.3474
27.7237
36.4459
25.6496
39.0438
30.3836
36.7321
32.0804
27.1987
20.4613
26.3057
28.3422
23.651
26.8831
21.0066
27.9643
26.8974
22.7545
31.1097
31.7525
29.1137
22.6863
20.4126
43.4736
30.1322
23.1408
30.6537
31.2509
18.3525
11.1301
30.6325
38.9394
33.5095
51.495
41.4718
52.9605
35.2211
29.0238
43.9782
45.5229
21.3423
31.1588
22.3453
15.8123
33.5753
34.4895
19.285
18.0291
5.89882
44.7582
36.6446
19.0972
35.7705
32.2027
24.1956
24.9627
26.0115
26.24
24.7207
33.0837
36.9897
34.4293
32.2504
42.1272
30.9062
33.5814
36.9738
26.6189
36.8706
31.5051
28.6093
33.211
30.9835
37.8314
30.2117
43.4155
30.735
32.5125
26.8489
29.5823
31.0819
30.029
35.4564
37.0115
31.46
28.1433
26.7317
31.948
28.8552
30.5158
30.3766
32.9984
29.1147
33.7466
31.7944
31.6119
28.1475
35.1626
21.9639
28.028
35.7399
25.6972
32.54
24.3818
20.1122
34.5976
34.068
27.0934
24.4002
30.6376
5.3977
30.0778
11.4127
30.2281
15.9339
40.42
24.8479
26.7404
61.726
21.4149
17.701
15.8799
26.3429
39.8831
22.9839
36.9268
29.785
61.8807
46.2105
9.56716
34.5277
42.4224
39.6845
39.189
39.4511
41.4035
34.6443
43.4167
40.4941
45.0018
32.1954
41.3923
33.8318
38.5345
31.0618
25.8564
37.5689
21.6805
33.4602
16.7232
29.697
34.5917
33.9127
23.1209
32.1607
38.8892
37.6225
29.4081
32.2888
37.7855
38.6773
22.5814
25.9358
33.1827
29.0102
36.8958
32.3147
36.4691
37.9703
31.1967
23.7832
37.5561
27.1571
27.8273
34.2897
31.8366
29.0932
28.75
31.4573
28.0889
34.9709
27.5776
25.3366
39.7802
41.7534
33.834
26.4758
23.4136
26.9073
21.3966
28.9225
34.0538
28.1205
32.5996
38.0383
28.933
35.3715
31.7425
42.5649
30.2708
22.6179
31.8701
33.2032
20.0011
30.8615
30.7637
30.9114
30.1028
30.9559
32.5396
35.761
30.6767
39.9975
23.5839
39.0762
56.6249
30.9946
15.3833
9.70049
55.1584
31.9647
22.698
33.3961
35.9456
30.2295
31.8797
33.5848
6.07782
50.1344
42.739
45.0471
25.7236
33.2037
36.8585
43.1221
27.8716
40.6877
39.2741
22.6252
41.1142
33.0427
33.0282
23.0479
35.0381
31.4947
36.2663
39.6544
34.1755
30.4684
30.4482
30.3811
23.4375
26.4799
33.8955
26.4445
22.1682
41.1962
37.6505
32.7062
33.576
31.4926
36.7497
30.7209
29.8917
28.52
37.7866
33.6212
34.5615
29.4229
28.3291
25.9789
39.1591
27.9219
33.9727
38.2891
34.9575
30.9988
35.8432
33.2707
31.1978
30.5242
39.1032
29.0767
32.6425
30.2151
28.4143
26.453
26.7674
32.996
24.578
27.3965
24.286
29.8384
35.2302
27.4277
28.513
28.6238
32.1278
26.9678
28.3352
43.3606
24.7697
24.2978
47.856
25.7828
52.087
31.2255
32.2592
20.9147
33.1481
6.30291
15.8512
34.9716
8.99291
32.3032
11.9492
28.2104
28.9857
21.4158
37.1574
32.6614
39.9438
19.4
39.9519
50.6114
37.9511
35.6746
29.6691
28.219
30.6574
35.1046
42.5047
31.2628
38.8175
33.3178
40.6447
39.5999
34.0554
28.2783
37.4083
29.1107
22.8735
27.2442
30.2294
33.9587
32.2774
30.4176
36.038
39.0803
36.5577
30.1745
26.8745
36.9126
33.4085
28.1495
35.5628
30.2727
36.8253
27.5631
35.5995
28.8223
33.721
32.0568
29.9755
34.7683
39.7984
35.4845
37.0757
35.2475
35.0789
25.0697
27.5383
31.4136
31.31
28.1189
30.8311
23.7842
35.2763
29.3704
33.0537
29.3726
20.9625
27.0597
33.0027
25.7388
41.6401
31.8392
27.7161
31.1123
33.8497
25.8781
32.0342
30.0671
27.1364
29.3343
25.71
24.5457
33.5977
10.3549
34.816
27.9867
17.3711
13.9186
28.2441
34.8721
35.9469
30.0927
39.7567
18.1999
23.6274
11.122
55.3057
39.711
38.2704
27.341
43.1934
49.8405
34.2001
31.9113
47.6988
38.2725
26.4697
30.3428
36.5884
36.7393
34.5477
23.227
36.6656
32.9976
42.9663
39.0469
33.7094
42.3283
25.8899
31.2467
29.6196
29.8952
26.8022
43.0208
27.6772
29.3122
32.0534
35.6609
37.1962
30.4571
38.1102
32.6425
26.6201
39.6019
32.0608
26.1793
29.1738
19.7735
31.8884
35.9482
40.7583
37.7597
34.6596
27.0115
30.8946
23.7209
35.7304
25.8725
32.286
32.9205
31.3169
23.9865
28.5352
31.2622
31.6521
34.3091
27.777
30.0042
26.3444
37.9784
24.9754
28.0861
31.0104
22.1217
19.1961
22.4008
40.0972
37.9898
25.5013
26.2605
43.5598
21.4677
35.9049
30.5234
23.4085
44.0361
26.0952
24.5787
36.544
17.8466
24.4408
14.9608
9.404
3.45137
17.5076
16.9928
41.0145
38.8454
21.82
38.1577
45.5398
46.3743
44.0097
45.8228
29.8569
29.2032
39.9997
45.6793
45.4692
33.8865
17.4517
35.7183
35.4276
22.6177
41.7499
40.7844
35.4675
38.3202
32.6796
33.0444
31.5355
30.546
35.748
29.7988
29.9381
30.5862
36.5857
32.4601
32.025
24.3953
25.5285
34.1249
32.8808
38.18
26.5563
30.7121
31.6756
36.3216
29.5108
30.0661
30.3438
34.4217
34.9577
27.6078
30.482
34.1301
38.9559
35.0658
21.2335
18.2579
32.9949
24.994
30.6121
36.7289
29.8829
27.4302
18.5682
26.5834
27.955
27.1249
29.0037
41.7315
22.9307
34.1667
36.3648
33.6816
25.3176
38.4983
28.382
28.3583
33.1363
24.991
27.6245
33.8586
25.3513
24.0073
28.9326
26.0707
22.1941
20.8609
33.5138
30.7452
33.6338
33.2516
26.0433
26.7648
22.0083
34.9958
15.5297
23.9562
31.8192
14.7377

27.9703
37.2726
36.5583
43.5499
20.4832
41.3856
32.3956
31.0907
40.6599
42.5942
27.9283
35.9644
37.1345
20.3152
35.0787
40.3769
34.2127
37.5358
28.1071
30.6988
39.3301
19.7764
37.2415
27.548
36.3239
24.4768
35.1498
29.922
32.8075
39.4299
30.868
34.1475
39.3881
29.91
30.5648
34.5577
27.25
29.9055
31.9679
27.8601
35.146
32.9865
27.7647
31.4655
36.0402
36.029
29.5532
20.8249
25.3697
32.3493
30.0552
32.3046
28.2324
32.3244
30.7402
27.4604
36.1138
35.3004
33.5764
36.2477
36.7965
28.835
35.0647
36.6438
35.7888
30.6344
23.4913
29.4833
31.8037
27.5512
29.6025
32.1539
36.0277
22.2855
25.7486
24.6065
35.4713
32.0193
28.5307
18.4284
24.0013
30.4178
31.5768
9.90145
17.2654
34.4588
23.8562
55.8013
20.704
33.302
40.7087
32.8991
41.5794
9.01068
15.1012
36.2397
14.0856
40.1919
12.6448
32.4357
31.3553
31.7944
27.1615
44.0255
27.1288
39.0826
36.9295
27.7432
37.9831
33.893
39.4717
29.7417
29.028
21.9651
42.6778
32.0784
32.002
33.3681
35.9131
41.397
26.7383
35.2698
37.2715
40.4783
32.8069
29.434
39.7394
39.3085
35.8529
34.0875
27.3454
26.6996
31.3368
34.9298
32.3116
31.4334
42.9154
34.1781
23.2613
26.9549
31.4599
32.9042
32.7105
27.3384
23.8182
40.4756
30.0796
23.865
32.2267
24.2229
24.6579
28.9583
32.4515
29.9664
37.1514
33.4489
34.8136
33.3596
29.6614
31.0131
27.3147
37.9763
39.3875
23.7431
30.0047
34.1642
23.6287
34.7257
28.036
25.041
29.1636
30.4753
21.1297
0.949116
25.0516
41.4752
16.5861
14.8452
27.6228
55.3311
10.1094
28.2698
25.1621
49.1148
35.4779
25.5843
26.3364
40.4419
34.3234
33.25
41.9293
37.5454
43.2131
35.538
37.7499
30.9189
27.4417
38.6534
22.6051
34.3757
20.3732
31.0054
36.0976
38.444
26.4411
35.901
37.1662
22.9694
32.9113
24.3737
24.8512
30.0253
35.4502
34.1324
33.0577
36.2619
37.2279
30.8496
31.0674
35.3133
25.3813
31.894
29.2498
32.4774
36.0865
28.052
35.4195
30.0302
21.8165
25.8123
30.5747
30.4345
28.2512
25.229
16.9296
27.4546
31.9418
27.5877
34.665
32.4622
27.3712
26.6163
31.9808
24.3471
29.4844
33.1496
30.1886
28.5774
23.3188
38.9554
24.9778
38.9493
28.2575
22.2271
22.6965
29.0819
28.0443
35.3903
30.1172
34.8427
33.3038
11.0147
25.04
25.7261
37.5708
14.9214
27.534
5.77595
32.654
21.7898
39.9568
22.5166
25.4639
7.13514
34.2014
42.2887
47.4876
43.5774
53.4569
31.3085
47.5656
43.9335
38.7281
34.7858
28.0391
25.4729
25.7423
34.871
26.6746
45.6215
35.0243
34.3044
33.7871
32.7176
37.5894
36.3237
29.0784
34.4238
34.7049
36.4811
32.9294
41.6972
33.3308
34.6885
31.5095
36.3041
24.5572
19.9716
35.3945
33.254
30.247
37.7485
38.4849
32.7906
30.1506
28.4199
34.3105
33.9507
33.6823
33.9048
35.4258
32.2146
32.1379
35.4972
29.34
30.1517
28.9176
33.7827
22.9803
27.8755
30.447
24.313
23.989
31.1361
32.3814
33.2064
18.8393
29.1821
32.1604
23.5801
29.1076
29.5811
27.3382
29.1146
31.4191
30.7811
24.9324
21.8758
32.1848
26.2984
31.1609
32.2718
34.2232
31.9406
18.2724
51.1939
24.7533
15.8919
38.2632
24.3822
39.6767
21.1403
17.8856
31.7332
50.3279
37.1529
7.45708
35.0655
40.7579
62.5196
42.4121
31.8641
23.3764
58.1016
27.4149
45.5609
23.3566
29.4871
30.0366
51.4817
29.3188
41.7631
38.5941
27.5124
43.4429
22.7112
40.5054
36.5923
34.4863
30.8592
28.8896
38.2694
28.6703
35.7073
43.3083
28.056
38.1322
39.0896
39.7989
45.8412
26.1742
27.9938
20.6652
28.5528
28.4813
21.8343
30.5845
32.9926
32.3259
31.4198
26.5697
34.309
30.83
29.6903
30.9757
27.833
28.8342
37.9683
28.1253
31.93
27.5373
30.0696
31.1645
33.7191
23.9271
31.4919
33.1825
31.6578
24.6654
35.2818
33.4762
29.8986
29.3196
27.594
40.5838
29.4782
23.8281
27.0749
24.7924
34.5019
20.9885
29.9681
21.8929
30.5356
23.7974
25.0326
28.6524
29.5734
18.3239
21.6553
36.5022
33.6943
19.9721
18.4061
19.6088
23.634
20.209
39.7156
31.2347
57.9834
26.1992
45.7553
38.694
42.7859
37.0283
35.0282
29.6507
23.8283
7.4589
25.3572
29.2956
34.3998
48.141
31.0151
41.0715
40.3557
35.4503
24.0307
26.9129
32.9463
42.8097
25.8153
31.1984
41.2068
33.6444
40.6052
31.276
29.8699
33.9512
29.2942
26.4002
23.0674
31.5401
35.6644
34.7027
36.0098
35.6141
27.0291
31.4163
31.8736
30.3814
25.8612
30.866
34.2373
30.4813
31.5522
34.1715
35.6771
32.9729
29.4022
35.367
24.7543
35.4768
29.612
25.9901
29.1205
37.6302
32.9617
32.6924
20.7682
34.7337
29.7698
26.3211
24.8718
38.8229
36.922
30.5546
28.0266
22.69
27.1301
24.6021
32.8912
32.6683
23.7782
30.1571
34.2006
27.2874
30.0585
41.2754
32.7797
20.1171
52.7213
21.6121
28.1772
35.3708
25.484
22.9231
21.4065
35.7069
49.7223
36.2023
39.44
20.4618
40.076
22.1733
9.42604
22.8608
33.4895
39.7732
34.3369
23.4198
46.3166
25.4213
28.1378
45.2453
28.9084
34.0537
24.0373
26.5219
32.0395
33.2008
28.2682
17.0525
34.3082
35.1648
27.1013
39.234
36.5329
34.6472
29.8287
34.3608
38.2279
31.2337
27.7996
29.65
30.2973
38.1766
29.7995
24.5386
29.3862
30.9989
33.006
29.9274
30.7013
29.872
35.5758
25.7836
30.7363
28.0651
38.2922
25.5488
24.8293
24.302
32.347
35.337
27.1728
30.8419
39.279
32.3349
31.8258
29.2849
34.0393
32.2757
26.3196
28.5528
23.3298
30.7709
27.6363
38.3004
24.7323
33.438
26.3873
25.9277
22.2964
26.8899
27.6831
32.2464
24.6639
37.897
32.6712
29.2277
21.7566
27.7293
36.4192
33.9741
19.014
19.6999
23.5531
45.967
26.6106
58.9747
38.2408
14.3289
62.6616
46.699
35.6323
59.8651
45.7897
34.0721
29.4733
41.6385
41.396
41.3277
30.6018
33.5573
38.7628
23.7522
35.4796
38.7327
27.7173
40.9686
30.59
31.928
31.358
28.8664
24.7492
35.0721
27.9408
35.9372
35.7031
28.1764
26.2246
32.8334
28.7678
24.4332
28.6771
30.9028
28.2744
29.9602
27.2535
25.4185
33.4509
36.3255
26.6662
31.3481
27.8515
32.6624
24.2154
32.2647
25.2324
40.7752
32.5846
31.1143
32.089
26.4532
32.5549
38.0629
36.8108
27.5674
30.9949
32.3997
31.4375
33.2679
26.0303
34.9594
35.1102
31.0066
30.2053
26.9275
30.4566
33.5376
27.5358
22.2781
39.8543
29.5791
26.3571
27.8648
27.7898
40.434
19.257
23.8608
28.0691
26.0336
19.9755
32.7371
27.6561
22.1705
25.8961
30.4065
24.4803
39.0246
21.4756
20.8722
24.8022
28.6072
34.9235
44.0536
36.0845
60.5965
24.6788
18.8174
35.2753
40.027
24.2122
42.5832
30.6703
29.5015
30.1422
35.5408
23.4876
27.3379
31.4161
30.0814
24.4919
36.1375
38.107
31.6653
24.4321
36.1515
37.4101
29.9202
35.8288
40.6455
39.2186
31.0996
34.0316
35.2156
29.8622
36.7877
23.93
34.5086
35.0486
36.1331
32.8308
27.7218
28.3249
20.2264
34.8237
36.5328
25.0925
33.0656
31.4983
35.8272
30.8244
30.5808
33.7434
27.6752
27.9575
31.2583
32.1622
33.4174
31.5428
23.8199
24.592
34.0409
32.5494
28.4682
32.4976
38.1202
31.8138
25.6075
32.3792
23.6429
33.3017
19.3301
36.3787
29.6105
28.3178
29.6898
26.7395
31.3965
27.1192
30.9118
10.9806
18.8702
17.2114
36.101
25.1064
43.5342
26.7487
31.2082
34.8466
35.8287
33.6193
33.8716
13.7924
36.7662
27.1625
46.7452
4.53689
37.2188
23.7386
38.5816
40.1177
35.8754
30.0367
42.4168
28.7549
35.5834
38.5595
33.2045
37.9874
30.8973
27.2754
34.0301
31.3629
29.1747
30.0864
31.0265
36.3949
34.8566
28.2563
43.0502
26.9547
27.05
32.8163
29.8366
16.2082
40.2039
34.1976
29.7726
34.5306
28.1603
33.0929
35.3202
30.2754
32.9811
36.5478
33.6788
31.5095
36.8898
33.8496
30.9967
32.8726
30.1869
29.1202
34.9551
35.1864
35.3314
21.2351
43.6851
33.9549
30.4229
31.8254
26.673
30.8507
31.7544
29.6952
33.5587
29.9234
35.4011
24.7246
24.3851
30.7092
26.7312
31.688
27.1057
39.9717
39.49
23.0524
26.625
33.5565
31.593
27.4711
22.1894
29.5698
29.0742
21.5656
22.0348
3.11501
32.7671
33.9602
17.0738
34.5736
34.5246
62.569
10.0533
57.7993
39.8656

23.144
44.3618
17.4116
37.5097
34.1716
42.8967
31.7673
36.5311
28.8161
30.1909
32.0121
25.4279
37.8083
25.2509
35.5745
27.445
37.2171
30.5599
29.7043
30.1432
35.5214
17.7539
33.0494
25.6035
25.0122
39.441
32.289
36.8802
33.5388
36.6854
34.8958
30.0372
35.1775
32.5532
33.3841
30.8584
38.0586
34.648
29.6682
29.0086
33.3755
28.6946
25.3593
30.0271
29.7195
29.4775
29.9817
31.5421
28.8259
35.3209
33.2533
33.3604
37.5918
31.3766
24.1189
33.5196
37.5094
37.2024
28.2528
26.8675
31.148
30.4257
32.7121
33.5889
26.7508
31.3932
35.8543
32.761
28.8286
34.7426
28.2967
27.8712
24.3265
28.6599
24.1643
30.1122
30.2657
32.6701
23.1346
31.1241
16.1111
46.1934
39.9282
27.1263
37.4704
27.9903
33.0979
7.32577
22.3242
4.12
24.4698
28.555
8.44889
33.0138
28.2211
23.8942
39.8761
30.0787
34.7951
48.5785
25.6353
31.6295
22.4074
35.5846
40.9633
38.5619
37.4285
55.5843
28.2832
41.6393
31.3115
30.3518
28.4533
33.7851
34.5794
27.6339
33.9112
29.5766
26.9078
30.3419
35.833
27.3295
34.3725
28.4624
29.8026
36.6256
22.4561
34.2797
30.3619
28.7893
31.4821
32.1893
33.1989
34.3257
32.5956
28.9399
36.0786
24.8498
25.1072
29.9948
38.2068
36.42
33.5406
37.5225
23.9245
30.3439
34.69
24.7801
30.6706
32.6887
31.806
37.2907
32.1116
19.9284
36.9203
30.2003
34.7453
24.1404
30.0135
28.0585
31.9187
26.0676
23.9629
30.5481
31.7263
26.0774
28.4465
34.4127
31.2726
35.3575
26.4872
22.8722
28.997
25.6896
18.4032
33.6105
39.0316
13.8445
27.354
49.7446
40.5264
33.6395
24.5049
2.28088
22.3996
17.0171
38.051
27.0883
54.3938
6.22562
32.215
19.3098
38.2011
36.6951
54.5028
31.5264
42.4637
44.4893
30.7536
34.1739
36.0662
33.9191
36.2039
46.4474
32.5019
38.95
33.3045
34.1541
35.3922
38.6183
46.195
34.1421
40.9095
25.6452
30.2279
39.5975
28.2959
34.8753
30.1255
28.191
28.9046
35.7756
35.1368
34.0805
29.7337
28.0512
35.7832
27.5176
35.1101
34.9911
38.3243
28.2257
38.185
30.4411
36.8622
29.6252
28.5373
37.3512
32.2851
34.6989
25.6474
26.7772
20.0862
31.7425
33.9728
35.9756
27.4188
32.8004
29.4708
29.0006
26.7337
37.5895
34.0027
38.2759
31.3609
26.5982
42.029
34.2287
20.6475
26.4178
28.1898
22.748
30.365
31.2051
20.568
21.9822
25.4422
44.6578
23.0283
31.2139
26.569
20.723
19.498
36.6723
25.6174
33.903
13.2643
24.6697
27.9661
44.512
54.0011
32.7494
35.1749
38.6321
45.3389
31.9524
46.9143
58.8458
22.1607
26.3447
29.9221
21.2046
35.673
38.9297
35.7287
28.1314
26.2542
38.6274
31.6969
28.8432
33.6334
25.7412
37.1067
31.1823
35.513
43.919
31.0753
35.2864
32.6951
31.3998
31.6487
38.8551
30.5622
35.7397
31.3452
36.2433
29.0234
31.1172
27.8907
38.1432
31.1186
29.0917
29.6687
28.3719
32.0082
30.1502
28.3016
31.4847
27.0971
34.5783
33.5237
31.8246
37.3735
25.1329
26.5374
39.3806
33.8979
29.5142
25.0274
39.5437
29.8554
37.5198
31.2781
34.5157
30.7969
31.945
36.0372
25.023
32.7457
25.1368
32.8721
35.8849
30.9186
27.1381
35.6392
25.3021
31.6747
31.9894
28.2091
30.3737
36.4167
22.0936
26.9678
25.8298
30.3356
42.8255
39.6117
21.9876
12.6026
36.3495
38.135
35.6613
22.158
25.0776
37.818
40.4788
30.9
38.926
34.0591
43.7353
42.1068
34.6538
33.9204
22.4902
32.8893
45.6562
36.7096
34.5485
24.3015
29.5595
35.8632
34.4699
31.2262
33.3155
37.9223
40.3894
43.6725
32.1217
33.9782
32.6265
28.7029
38.7929
39.4717
36.2801
35.203
29.2785
36.5889
25.6461
24.8391
33.4528
27.8674
32.9635
28.8293
30.798
34.0899
31.3311
34.4565
31.3866
28.6635
31.3557
33.1802
30.6543
37.0768
35.8593
32.2597
35.5143
29.4882
25.5803
32.8973
35.3088
27.4438
20.78
32.3423
29.2851
28.6819
37.0819
25.3947
38.1211
23.897
37.736
31.6403
30.5939
21.1034
36.9714
25.0331
28.6699
32.1124
31.2333
28.5588
20.7922
25.3897
29.716
39.2469
54.9756
25.8161
12.7975
0.471099
37.1891
43.1737
28.0326
10.5736
40.9412
36.5419
21.3354
40.6271
32.4924
33.9507
33.8181
29.7407
24.7388
31.999
37.9013
39.4948
23.4804
41.2541
29.2232
31.5892
34.7232
27.8011
23.468
25.5443
22.8659
38.7981
30.823
38.7363
35.3552
29.4955
32.3701
34.4499
34.7511
33.736
32.1281
33.8967
36.8979
29.6122
30.0465
33.6111
28.1683
28.0924
29.1962
28.5555
29.1561
30.8753
36.4667
32.0355
36.3616
35.6825
31.3451
31.8058
31.3017
24.9206
37.3244
22.4185
36.0672
28.1177
32.5287
37.7075
30.9678
40.5808
32.3854
34.4454
30.6941
25.0107
24.6855
30.2246
31.1639
33.4835
36.0664
33.2246
20.3504
37.8693
31.1957
34.0263
30.5702
28.5281
35.2846
39.237
30.0682
18.3996
23.9833
16.0116
28.034
31.4308
45.2557
31.4308
23.0914
0.0587648
18.6165
26.5455
28.7332
22.0918
49.0521
41.8209
34.4545
43.3493
40.96
24.3163
42.5403
21.6877
43.006
34.5359
37.0554
13.0497
26.2721
36.7162
33.8071
36.4331
38.698
38.0799
20.5576
25.1664
30.059
28.9157
26.6197
32.9776
34.5345
27.036
34.4525
38.627
40.5196
28.5021
28.6189
35.4834
31.8359
27.4355
33.5096
26.2964
27.3419
35.996
23.4809
25.9645
40.7134
34.2579
29.9294
35.7922
32.3424
32.6566
32.5117
30.6505
31.0284
31.0024
32.3409
25.5454
29.1549
31.7942
36.6667
25.1649
25.6839
23.7234
24.2054
25.7027
34.4159
33.7103
30.9039
24.3044
36.0206
37.6591
24.3869
27.4218
42.6171
24.3973
30.9619
33.6668
24.0939
21.2699
27.0808
23.6787
37.8469
13.7918
23.1024
38.6725
32.7786
19.7779
22.2478
32.4261
37.7248
49.0565
28.5379
10.0648
27.7611
7.08595
28.8404
41.4099
26.8868
39.1352
28.3548
28.5557
33.4939
43.3912
28.8493
40.1633
35.509
28.7871
45.0468
20.3129
31.7173
20.2666
32.8171
40.3706
31.4076
35.6216
25.7143
27.3254
42.7282
38.7957
40.4193
31.2249
42.0849
21.8528
24.1998
31.263
34.8282
30.6815
29.8323
33.9533
34.1447
29.1808
32.1547
33.9134
30.1582
35.4597
32.7648
34.9062
26.0043
32.3908
25.4409
29.1264
20.9793
30.3265
37.476
27.0124
29.5347
29.9523
25.2728
28.3132
32.6868
33.2178
21.6212
29.2603
31.5369
35.4066
32.0941
26.545
35.6312
31.6183
28.8101
21.7821
27.6949
30.7403
29.0378
25.7381
37.0958
32.9356
31.3323
27.6646
35.7318
35.2516
24.6747
30.7722
40.5417
26.8065
37.2965
24.9322
25.9466
19.0211
34.0827
33.3797
22.5404
36.0111
19.4912
36.0542
10.2554
22.0318
30.6306
58.8346
23.7062
50.7225
47.9133
41.5269
30.7605
45.3123
21.378
36.2383
40.5905
43.0238
33.4901
30.853
33.0583
30.9798
33.4772
20.6256
30.8058
33.4989
31.6345
31.1942
33.3567
34.8603
28.8553
31.2777
24.1947
34.3411
31.1774
26.3977
31.5024
32.5287
34.0748
27.7422
35.615
32.1494
36.3308
25.6003
31.0343
31.5564
37.4835
27.622
33.2701
29.862
35.4683
29.2733
33.5453
30.6303
34.1858
24.4727
28.7543
31.2869
32.1442
28.9941
29.8928
38.3756
27.6421
32.1776
30.2681
31.7794
27.53
30.293
35.6348
31.8396
36.3271
29.0779
34.4276
30.2454
30.828
27.5544
26.2506
20.5802
36.8012
33.4215
23.9347
27.8821
34.9581
41.56
24.3748
37.7501
28.3562
36.5361
27.5998
18.1375
24.2254
34.9378
27.9219
17.9991
17.891
20.3905
20.8071
42.3071
24.6543
26.7035
32.5044
29.3269
37.0417
28.6035
33.6849
37.5723
42.0068
40.6643
32.215
37.5219
26.9306
45.8698
42.6435
27.6193
36.0504
32.3705
36.0515
45.194
36.4748
34.2249
30.1897
26.357
31.5334
35.6191
36.5876
30.7827
29.9305
29.6624
24.1431
29.7282
30.1973
35.8435
34.6607
31.9295
32.2609
36.815
33.0947
27.7241
33.8295
31.1829
35.0493
33.8708
32.0499
31.1323
26.942
31.859
32.1578
29.12
30.9659
29.6682
33.4571
34.2281
28.8316
22.8022
29.1727
30.4537
34.4597
31.4958
35.3629
25.1718
30.1395
21.9254
30.6996
34.9595
32.2387
28.7064
28.9071
33.8114
28.6008
41.4954
41.1193
26.3346
17.3259
26.223
28.7817
25.8822
31.5214
23.6299
26.5226
22.8603
31.0962
29.0989
25.8646
27.5186
24.9049
24.7704
36.766
10.6147
26.4594
19.7007
14.4105

51.4055
23.5285
60.7972
39.7494
39.6923
37.3649
50.1635
34.3012
20.9731
33.9278
33.2478
34.6939
37.9251
35.2411
30.3716
35.1511
29.0065
33.2436
33.1118
30.5177
34.3721
30.9436
31.6979
30.0965
40.3747
37.0431
34.5335
34.2976
35.7046
36.9549
28.4035
27.6089
30.5649
47.4542
30.8764
35.2085
37.5872
41.8622
31.8589
33.5933
38.0652
26.8106
34.9656
21.9584
35.6195
29.6677
33.2636
32.6135
31.4088
28.6826
35.0016
33.846
34.3848
33.876
29.1389
31.6898
24.8924
39.6038
32.8124
24.4048
31.0618
24.7068
35.7912
23.2313
28.1791
28.6212
33.5898
26.4129
25.4644
34.1803
39.1115
36.8171
25.5121
33.7137
37.0909
23.2893
26.4111
38.4754
29.2618
18.9517
35.7757
27.2887
34.2764
23.9863
34.3559
30.3631
22.9014
21.5413
25.2196
27.0272
6.53407
4.50401
2.9874
60.5638
58.127
27.9172
41.1209
36.0061
42.0626
41.4329
13.1348
41.3803
27.1717
54.095
36.7114
43.1857
27.964
39.5979
39.908
29.1002
27.3209
38.4519
32.2115
36.7163
37.7714
35.8899
40.2851
31.9674
36.082
33.0372
33.6808
34.234
38.4879
41.3797
27.3731
32.4983
38.4279
29.7296
40.685
33.1237
31.4109
35.6639
24.7381
29.0823
32.1562
35.7945
33.8551
35.6342
30.2954
32.7818
39.4749
26.9077
35.0239
28.8253
30.196
40.4449
31.9445
28.5246
29.6391
34.9092
32.7263
34.7203
29.7036
32.2373
26.4581
34.451
35.2852
26.1021
26.6868
27.7814
30.3034
33.8897
28.9923
27.5376
31.7678
28.4134
36.6889
27.4489
12.4811
26.9633
33.4008
33.0293
31.3806
31.4005
12.2349
19.1456
31.3923
33.2214
19.8545
51.4545
39.5992
62.5046
30.6635
25.2538
26.2637
16.2517
24.1919
58.9358
43.5485
35.6979
57.7907
24.2596
29.2596
41.3305
26.4509
28.0176
28.1006
24.6667
19.2783
35.8827
8.11552
40.3611
32.8241
41.5099
36.6067
42.916
27.6184
36.5992
31.2208
26.9717
32.6378
27.75
30.9428
25.2897
36.5432
39.7483
26.6677
25.9887
27.2774
40.7586
26.2661
29.6777
30.2094
22.6853
29.4667
43.5216
28.3275
34.9935
32.4571
32.2882
32.2649
34.6171
37.8439
36.4466
26.6934
33.2745
33.95
24.0021
30.3767
38.402
31.24
22.6308
33.2685
22.6874
27.2809
31.2979
32.9766
33.206
24.1913
32.4154
24.7323
31.2334
30.8103
33.2409
27.6978
23.8016
33.6242
42.7555
23.7617
36.7465
23.3314
28.9635
29.8598
30.1768
26.5022
23.6302
19.0533
25.1689
26.1385
34.6544
24.3918
36.3044
26.6783
23.0949
26.6601
31.7611
17.1343
22.0819
28.7622
24.9399
37.251
55.2059
33.58
25.7628
21.9537
44.5185
31.8069
27.8244
40.157
39.9182
32.3684
35.5264
39.7138
37.1373
31.8519
30.3554
28.4478
37.7323
39.3798
29.6423
26.7609
30.4386
27.1713
38.508
37.8288
27.532
36.4318
33.1569
30.0104
32.2305
28.5199
29.8434
24.9992
39.8689
24.4367
32.0266
33.2081
28.5823
28.1715
28.6132
20.454
19.3613
37.6526
35.8526
31.4547
26.2563
31.2897
36.3383
29.8781
27.0111
33.1944
37.1554
37.1602
35.131
30.0842
27.964
31.2988
33.3963
25.2858
30.0511
35.3016
28.3344
30.4062
29.8394
31.3556
25.0371
29.3168
33.6858
25.407
29.306
29.2202
28.6835
28.0926
29.7662
28.8383
32.2294
50.2562
36.7629
22.2031
33.1958
38.4973
30.1019
32.172
23.8377
45.8394
29.9718
32.7189
27.4813
16.0162
35.3756
35.8842
35.7143
39.6608
24.8159
32.6195
4.0602
28.9244
56.5001
21.6812
58.1281
39.2146
40.6844
35.9377
34.0797
44.5606
40.7351
24.0162
41.6413
34.1411
47.1586
38.7231
24.9103
43.996
41.6926
24.1541
31.7689
40.1695
38.2959
43.3145
28.3721
27.7275
35.7667
39.5969
36.0781
37.8285
29.9933
30.5985
32.3409
29.1388
38.237
41.198
39.9496
27.168
28.7867
33.2561
36.5963
32.8436
38.9946
31.7749
28.8317
36.8262
40.9436
36.8768
35.8527
34.4838
27.8697
32.3775
34.308
27.7369
33.4349
30.9057
26.0156
35.3401
32.2037
34.6736
29.0062
26.5865
32.3062
39.213
31.4277
27.446
26.5576
31.4499
31.7924
22.5748
32.8406
31.3329
30.8275
24.5673
26.2976
25.0286
39.8031
16.4527
34.9508
22.247
33.0562
34.5047
38.3576
23.0287
20.5495
28.3002
19.9661
23.4835
0.411851
40.8025
27.4597
33.0663
42.5634
36.0541
32.6863
25.0792
49.4381
5.78817
37.7611
32.3136
42.1228
36.1236
24.114
43.3767
33.9977
50.3686
40.1778
30.11
44.6861
34.9864
29.3005
35.4354
37.6063
31.0401
36.4251
38.2863
35.4851
26.8952
33.0553
37.5972
30.3797
41.3188
33.3962
25.5437
31.3964
31.8413
28.3829
34.9128
31.5248
26.3066
29.059
33.7862
32.3888
25.4304
28.4849
38.5929
37.0347
21.274
27.4988
32.1279
34.2983
32.3022
30.7154
39.1665
31.871
27.6017
30.1862
34.042
26.7457
28.5566
33.086
31.9984
21.7175
25.8914
30.2174
29.0633
29.9637
25.2613
35.8474
31.7978
32.6791
29.6394
24.0813
35.559
27.9771
17.0399
25.0557
30.6508
34.8055
27.0566
33.1389
27.3728
33.0139
24.6939
16.9988
35.8386
28.1757
29.1296
11.2199
24.4396
33.109
16.8508
35.7688
21.9169
34.8267
56.0106
24.4769
49.9511
48.3043
12.1082
42.1675
14.4176
34.0123
43.4221
32.6975
37.5031
39.8107
34.5867
30.975
32.967
29.6554
31.8307
29.8666
38.4291
30.3694
34.7844
28.6588
38.1863
37.5922
28.4555
28.1977
36.3411
33.186
30.8667
43.6813
27.1976
34.2239
32.4721
35.5964
34.5223
36.9662
36.7171
37.7034
27.8049
30.3536
35.172
26.3659
38.2221
24.0358
34.6897
33.5288
26.9732
40.4315
29.6135
38.4669
29.3964
30.8612
39.2683
30.0558
31.6813
29.2265
20.733
36.7297
28.994
31.2519
40.6617
30.7219
29.7551
28.7229
34.4065
27.35
37.0133
31.0097
28.4234
33.6157
36.101
32.2905
25.28
28.414
25.0126
22.9214
34.1594
29.6921
31.9953
26.5056
12.2859
33.847
32.6128
21.9181
18.1053
21.3704
7.27898
22.5956
35.9373
40.0539
10.2041
31.5641
37.1702
57.1002
34.1553
10.3794
33.0568
37.9128
53.9341
33.1652
25.4601
41.3678
37.0805
43.4054
40.1735
39.1598
30.0863
31.7582
37.2718
37.4251
33.1487
33.9648
39.6052
30.7207
23.8358
31.6151
31.8231
36.9864
31.0736
30.5751
31.3371
31.6987
32.1773
28.6982
36.8664
34.502
34.7729
27.3986
28.1961
30.8218
44.5666
31.6376
30.1258
30.4169
26.0665
29.3847
40.371
31.5683
21.9289
24.5477
32.7102
36.4794
29.0338
23.0426
31.2258
30.0921
22.0888
35.3979
42.4165
38.2804
25.6875
26.752
40.1148
37.1759
34.9712
24.7954
31.5599
33.6816
27.6447
24.2852
31.3653
27.6087
22.502
20.0292
29.2771
26.09
32.2864
34.8268
20.6319
22.7905
34.3532
20.8474
21.249
17.0076
18.5225
21.3613
27.9053
29.1817
20.8248
44.9844
39.4371
20.7879
40.6752
11.7294
29.6215
62.228
60.8901
29.0085
31.1199
42.1886
54.0405
39.0455
13.1718
39.5961
38.1868
33.0362
42.1379
36.1508
44.8901
39.2052
29.1121
23.3294
33.0459
29.2137
27.9235
24.7857
30.6627
29.5158
34.9073
36.74
31.7963
31.0135
35.5244
34.0752
33.9877
36.5066
31.2075
34.2514
30.3935
40.4843
22.0539
34.032
29.9066
38.6818
28.7369
41.7723
34.06
35.0416
32.9792
26.8095
29.8382
31.302
33.8917
36.7149
36.8704
26.7068
27.4515
31.3449
36.9616
45.3815
38.3764
30.7582
37.274
26.5401
27.6599
33.4245
29.2957
23.3327
31.4412
28.8704
37.136
35.7404
25.5977
33.7843
34.9359
25.3927
29.4734
27.932
30.0176
29.7951
30.0801
32.8261
25.8969
32.2242
27.9092
24.1118
22.9914
14.692
24.7649
21.8241
22.2757
19.4225
36.9209
41.2665
24.0505
40.5403
27.8561
29.7059
61.2928
43.4082
35.4401
17.0162
38.2437
34.9995
41.675
18.4912
39.5501
19.5288
45.013
29.3601
35.5986
32.7232
33.5787
20.4304
49.5449
36.3016
31.4317
35.7485
34.2936
41.5578
25.9627
26.0817
30.2752
30.8343
30.9823
26.067
28.5438
35.3192
35.7092
25.2696
27.8969
37.1317
23.4692
29.7765
35.9686
33.406
25.9475
35.8285
34.6421
33.7764
27.0926
36.2991
34.2722
26.3296
28.1723
33.9519
32.9508
32.4799
32.8609
27.719
36.4935
29.6427
32.8601
23.385
30.245
30.171
26.9077
26.5458
39.2131
32.2327
40.04
28.6143
27.8732
24.1505
39.229
33.4732
25.8538
18.4269
33.37
34.8793
15.1253
37.0008
22.1964
24.3969
25.5668
16.0487
22.7007
31.3414
15.2827
20.0472
12.9946
33.3567
30.1939
24.4268
14.3345
20.8999
39.8491

33.3878
45.2192
45.0109
50.1115
24.6685
35.0034
31.4831
27.3164
33.8263
35.5783
28.6738
58.9466
29.0659
35.4759
36.8281
35.5481
29.1077
29.1811
28.1526
33.3827
30.5941
32.7204
25.6856
29.8234
40.5026
27.1707
33.2553
30.2449
38.7579
33.9747
25.8628
36.6943
27.2238
37.5028
30.8394
32.4244
28.0624
36.0076
39.6633
33.5295
29.7004
39.2797
26.9791
25.3306
26.4861
31.6116
33.9338
35.1082
32.6808
35.8881
25.9048
31.8486
24.6862
30.8129
26.2712
38.1033
32.4025
27.7057
27.4424
32.9266
34.672
31.0906
27.6232
31.8852
29.8383
32.3689
24.3897
30.5949
28.2172
38.2296
27.5244
34.5943
20.5163
33.6171
29.7094
30.9944
30.7735
18.5882
30.4809
29.4754
18.279
26.2725
26.7674
20.1184
15.839
26.3317
23.5093
33.9948
6.04967
24.5026
24.4951
23.3991
32.6095
15.1069
56.3805
42.2949
36.5164
34.7958
39.6515
24.825
43.1113
38.7023
27.6452
33.687
30.2582
34.0529
39.2141
38.5281
37.3999
28.3549
28.8987
28.5253
35.273
40.6931
43.7649
28.2871
37.1265
31.5004
31.8264
27.1902
27.942
27.8417
35.9543
31.2673
31.4105
30.0475
37.951
29.2617
39.0617
33.2885
38.7597
30.548
28.1162
25.9522
35.587
32.3254
43.0992
33.8186
31.5955
23.7233
34.2433
27.7457
27.7828
37.8318
34.814
39.1558
34.3332
34.0218
24.8212
32.1996
29.2493
30.8962
30.2051
36.9606
27.2077
32.2019
31.0007
31.1991
22.5704
40.0269
33.5172
27.4015
26.1886
25.4988
30.8502
28.0808
27.2085
31.7547
19.0916
35.8575
31.3972
36.918
29.3749
41.1034
28.7235
29.364
18.2101
23.8719
21.2878
4.41304
49.8745
40.9183
54.237
42.5876
59.5128
35.3902
41.0311
25.1496
35.7074
17.6042
24.7209
38.5935
33.0979
18.9245
24.2498
24.4252
33.0152
15.0608
36.2563
38.3469
35.3125
31.4686
37.807
31.4595
45.1391
34.915
33.2
36.3488
30.7937
34.8269
26.9963
31.8181
39.2281
27.1555
30.0095
25.6461
29.7868
29.9247
36.4319
36.067
25.1398
26.1837
34.9724
36.0594
34.2305
31.3167
27.1736
32.8466
31.0879
27.2042
29.0794
34.0434
29.202
30.125
32.7165
32.2715
35.8948
28.5817
32.78
31.7842
29.2496
30.1733
39.0862
33.2595
32.9282
30.076
21.2382
36.7316
25.4471
30.4732
35.8979
35.1692
33.2999
33.0525
26.9741
19.8842
19.7952
24.4563
23.8703
21.695
21.1484
30.079
39.331
31.0715
37.835
25.7294
20.7511
21.2137
27.7117
31.8944
6.27673
47.6286
2.9751
15.4293
27.6875
26.7147
31.2009
59.037
26.6111
52.6125
38.7042
29.2826
48.2424
31.2627
53.6746
3.67675
42.0133
32.6239
26.7085
22.5652
36.8566
25.2243
37.8465
32.8389
32.3888
29.3424
27.6147
40.4791
37.2295
35.8212
32.0785
33.4335
31.6847
32.8127
44.0788
45.6694
34.0528
33.2694
36.1348
32.7533
34.1575
26.0996
30.6413
34.1187
24.9297
39.5984
29.1872
26.0705
28.6095
27.0984
32.0753
36.1264
30.7951
42.0214
38.1744
31.5064
28.2271
24.9539
29.2433
27.6548
30.9018
34.8322
27.6494
29.8068
27.631
24.4022
27.6776
24.5692
41.7128
35.9596
26.6628
31.0448
32.9667
32.5614
30.78
41.4668
17.44
36.9231
30.3697
31.2868
33.4424
25.0857
26.0062
27.0441
26.9775
18.7836
20.4992
17.2743
26.8448
33.4848
23.1489
24.0563
26.668
36.3908
26.7254
35.5883
52.5451
0.365856
35.7704
56.4335
50.6554
4.6031
41.4061
46.4055
43.3462
38.241
44.4447
38.9736
29.4435
36.3692
30.3181
26.4817
29.7681
35.1921
29.8248
27.4356
31.6903
24.3623
28.697
35.5822
31.7408
30.3881
24.8218
29.9594
35.074
39.0775
45.4898
34.7142
32.129
30.4904
31.7009
30.4847
39.7657
42.1008
37.3069
38.4688
36.7237
29.8614
29.8603
35.2166
32.9895
27.6869
26.0528
28.7129
25.6037
34.3256
37.5489
22.3598
29.1519
21.421
26.7122
28.3418
29.1468
28.3619
30.1901
27.8802
25.4572
34.9443
28.7372
34.3929
26.2318
34.9137
38.1503
30.5802
32.836
39.545
34.2243
19.6663
26.0945
29.2886
27.8388
35.69
30.8933
24.3975
23.5438
17.5782
31.2577
32.9059
33.2787
32.7984
21.7738
35.9441
46.5591
26.2307
31.9953
5.27886
28.8277
29.3364
25.1916
25.7766
8.35365
18.6144
26.9109
21.0533
51.8524
30.3225
21.7574
39.882
23.3811
20.0306
41.7715
37.923
34.4597
35.1041
46.6898
27.1033
31.4589
33.8414
33.2824
27.0282
29.259
36.5399
24.0488
35.2689
40.0088
24.2396
25.7984
26.1062
33.1696
39.8695
27.5945
25.8495
34.8914
34.6953
32.4962
33.9164
33.9544
35.2059
29.4958
30.5251
43.5745
30.5303
32.9221
33.8878
33.2878
36.2969
32.0253
38.7398
28.8872
25.3473
25.4544
34.4206
40.9059
36.646
32.8609
21.8118
30.7267
24.8773
24.8266
29.094
26.453
29.4211
37.332
23.2956
23.5796
28.0537
23.2308
32.8219
29.6697
28.4001
29.0726
31.7551
27.6369
28.2669
20.6078
38.8769
32.4356
34.8578
32.8806
33.6041
24.3074
17.03
31.2476
23.6326
26.6076
39.3906
20.0296
6.51372
21.3462
49.9519
23.1197
44.8374
29.3636
33.7414
2.85686
22.6034
25.7235
32.7862
32.1679
23.1847
4.93703
29.1773
39.8282
57.6224
59.793
29.4091
25.4465
13.1796
45.087
18.7257
38.5328
43.6245
52.9305
32.6356
41.1085
42.7586
20.1764
29.2571
36.1661
37.0295
37.3487
40.169
34.865
40.9879
27.4738
30.2626
31.5874
37.5807
28.8201
32.6752
32.1943
38.5408
28.2179
42.1056
35.1824
32.7871
35.5823
37.9494
32.9505
30.6615
38.595
34.1424
28.7266
27.3703
34.5062
35.4247
27.9662
33.3
30.889
29.2853
36.2457
34.8521
28.2491
32.3483
36.9213
34.7994
33.0415
30.2299
27.1601
27.1964
28.4095
28.4053
31.9761
27.6047
32.3557
30.0902
19.8227
33.2104
36.9047
36.6941
25.6526
37.1167
24.7131
39.5462
34.8839
22.5646
27.5199
34.7552
25.1257
35.8091
39.5475
34.8558
30.1331
41.3258
28.7699
26.976
20.5835
36.8534
24.8339
54.5449
52.7449
16.3932
39.1111
42.2756
42.8924
36.576
56.5417
43.2167
24.6026
36.4552
41.0889
23.3704
43.237
31.1974
37.7945
33.1976
45.0622
27.9608
32.8148
30.449
35.962
37.5391
33.5294
33.2041
28.6508
27.0422
27.1306
35.1004
38.0251
30.4432
30.0918
24.1306
25.6479
29.7663
37.9557
27.985
25.1836
29.764
30.7013
36.5887
31.4762
33.8622
34.0089
27.3194
34.1505
28.0769
31.4774
29.744
29.7601
32.1183
32.2868
34.5803
22.5514
42.5164
35.6681
35.4294
24.3992
24.1092
34.2944
30.4612
37.4528
30.9673
24.0293
28.4521
36.8828
30.3997
32.2311
24.4515
27.9269
31.0992
32.0882
27.1878
24.4107
33.4824
32.4388
34.0372
36.6765
15.1916
28.564
25.3988
36.3831
26.2539
13.3305
40.8802
19.5904
22.0404
33.5061
12.0399
34.5942
23.7392
13.8269
28.6792
22.0769
23.2556
21.4977
54.1657
31.8595
36.8187
31.6592
28.5396
43.1841
30.3134
36.6387
38.1938
28.0846
35.1226
39.1181
29.983
29.341
31.4169
30.3744
30.6807
27.2
28.1243
30.4032
35.1569
33.5451
27.321
30.2169
26.4446
39.2525
26.2313
31.2123
34.9893
31.4228
33.9385
30.7799
30.1602
29.0917
37.7902
32.2275
29.7387
31.6111
31.668
32.5269
27.5067
27.2175
29.9566
27.2044
32.097
29.3478
24.2701
42.0775
29.5159
27.014
24.7274
30.3123
35.532
41.7408
37.785
31.1101
21.8906
34.691
31.9527
23.6232
32.7961
17.7571
29.9988
34.2981
35.3995
21.3494
36.1202
18.9182
33.3701
28.2566
30.9838
33.3925
41.1424
25.1564
30.906
38.1592
30.6131
23.2399
28.5502
26.3743
40.1008
6.89304
22.3254
33.6788
35.6395
34.6709
20.1318
30.9495
42.9543
32.0591
35.5047
53.0507
31.1253
27.541
29.8867
22.2742
32.9574
27.6574
21.8585
38.5939
37.4939
32.4953
34.4966
33.7634
30.8571
35.8632
37.2943
30.9767
32.6234
35.4424
29.0458
34.119
29.1515
32.2499
42.6561
23.9215
23.4368
36.0715
37.1948
24.6304
34.3005
27.5481
34.4984
32.2445
33.7735
31.7163
30.6571
31.3533
38.9515
30.043
22.7924
40.5247
34.5866
32.3914
31.2676
31.1906
33.2543
26.4587
31.9296
35.3921
21.3424
33.1704
26.2376
34.9447
21.0057
29.8066
40.8098
31.4141
28.3759
29.983
35.0377
28.4907
30.8713
31.4936
24.8863
31.7162
27.1618
22.153
21.1988
36.0584
33.7145
30.1685
38.4689
28.4043
33.4864
22.7404
13.3148
32.6023
23.7005
41.7075
46.1846
44.7964
40.1919
38.3826
1.39081

43.7602
23.2204
27.8276
25.6222
28.2179
58.9354
35.1117
41.1772
37.6237
48.4582
32.2622
23.4931
33.6653
27.1447
38.9478
34.505
26.2175
50.006
29.964
34.0031
35.2729
29.7489
40.4604
32.3703
33.8474
32.9517
37.7192
32.3215
27.9657
26.9132
24.9634
31.4527
29.2652
27.4095
26.1359
31.763
33.8932
30.1465
33.7166
30.2025
27.4614
28.7893
31.6538
28.5731
26.4749
27.9624
32.4911
31.5267
21.0899
32.2387
35.5014
31.3567
29.9379
28.4485
38.4823
26.7786
30.31
31.1266
33.6509
33.6588
35.5376
35.6167
26.7852
33.2553
16.0521
31.2633
23.488
31.9077
32.8258
25.2389
15.0524
29.2031
23.4577
35.8848
22.8297
36.549
28.0486
18.013
30.3625
27.83
45.6522
31.631
30.3434
30.1351
36.4559
21.1725
38.8469
32.4331
26.5626
29.8987
24.6908
35.0457
27.6193
17.4129
48.622
21.115
39.2529
50.121
35.884
34.975
39.8712
34.731
35.9395
41.2485
23.0531
39.7666
18.9062
26.8684
20.353
29.9374
31.8412
27.7818
24.9227
38.0091
37.8175
35.0529
39.2771
28.1431
32.9949
40.1104
34.9576
30.5361
31.7345
39.8596
33.952
31.4303
32.1855
29.9417
39.2137
25.3377
30.3318
32.899
30.8839
39.0898
35.8698
32.6571
23.4318
31.315
36.6165
35.1521
30.9913
35.8113
31.3373
26.0376
36.0708
30.8609
37.0417
30.4379
37.4265
29.4387
32.2336
32.8762
32.5653
37.4459
29.9093
36.5268
34.8007
27.2261
28.1236
27.1934
30.1074
29.183
35.8101
29.8344
25.6724
33.7282
28.0628
24.3978
27.3117
23.5712
27.989
23.9074
30.5516
15.1964
23.8559
32.9106
27.7139
62.4296
33.2566
31.4222
37.8066
11.1742
22.5583
37.8265
11.4788
37.453
39.0942
33.6786
48.478
34.1798
23.0655
24.9587
27.1038
59.2269
34.8423
32.2313
36.2037
50.2434
38.7074
30.0423
38.8237
39.8997
25.639
29.4249
34.9614
37.3924
24.3433
33.1238
34.2461
33.7045
34.7334
31.4295
18.4948
26.6647
39.7544
33.9736
38.0184
31.0643
31.1905
32.3322
32.6317
33.4474
25.8553
36.4002
33.5366
33.2776
32.2562
32.0602
31.3755
25.8685
31.5633
31.2819
32.6543
33.8156
37.25
33.7751
39.7232
34.4042
32.7076
33.5019
35.0518
31.3139
33.2982
31.0959
28.7621
30.3436
29.6181
33.2658
32.467
33.8754
28.0417
31.9852
35.5648
30.4503
41.6007
32.4108
33.837
25.6784
22.083
37.7856
34.1181
20.3963
23.2014
29.6348
35.2387
44.942
32.6673
29.9421
36.4628
42.9729
35.7088
47.1296
29.6286
28.6942
37.1333
20.5029
20.4551
20.7566
48.4082
24.9417
43.3104
37.9029
42.7501
45.9873
38.1883
19.2579
33.0176
34.4763
43.0754
26.0493
7.83425
32.5463
35.5912
29.5036
41.9948
25.315
34.428
31.3199
40.66
38.1402
37.6721
36.4799
38.8874
34.6984
32.2474
30.2998
34.9166
34.4832
32.4035
30.2745
24.6339
25.1647
26.3008
30.6894
29.227
22.5786
22.178
31.4104
32.0339
32.7453
36.5552
29.695
27.1464
18.3322
36.2315
27.4947
27.6906
26.6499
36.3298
35.2172
32.8789
35.869
28.0977
27.3797
26.2232
27.1587
29.2767
24.5686
27.6776
25.8169
27.3816
41.0581
24.5628
33.2949
20.7957
33.3968
32.3687
33.0107
37.6742
26.8746
27.2779
36.2371
30.3404
24.2251
24.5186
33.8872
28.1644
31.0704
39.1662
18.1979
21.9306
32.3535
35.8035
27.6004
37.4137
15.9406
17.0003
25.5171
41.4457
35.8169
16.7254
28.9872
43.3693
47.7615
61.304
32.8143
28.9089
35.4178
44.1301
33.4248
31.5727
36.8684
38.676
30.4301
30.4464
29.896
38.9092
30.0134
33.3638
32.1004
47.0598
33.0236
29.8087
32.7384
39.1206
34.3443
27.431
34.6738
32.3737
38.489
36.4894
30.7239
30.4481
32.5239
31.9623
36.0546
35.9348
35.0508
28.0651
37.9754
35.2797
35.4573
28.067
30.6104
32.1154
27.0557
32.7294
30.4871
25.042
31.2924
29.4403
25.2716
37.8134
22.2461
25.8567
28.2506
27.467
34.6262
31.2014
35.1818
29.7843
35.5154
29.8238
32.1788
24.7686
29.3549
32.6175
30.0188
37.9446
23.4188
29.8852
15.2237
24.7647
37.9842
36.8548
26.0285
32.952
26.9548
23.7987
40.2301
16.1139
30.8316
27.6275
14.5304
26.9274
27.7823
25.7571
20.0435
21.0349
25.2733
27.836
16.3032
25.8814
11.6518
39.1523
43.9275
47.9179
36.2431
29.6428
37.9464
40.0454
47.4467
35.2763
34.3943
59.7516
32.1273
38.8174
20.2025
33.9731
38.9642
45.8142
39.9677
26.7234
31.7376
26.1065
28.941
32.3397
28.6279
33.9128
34.4037
40.2769
26.496
32.7084
27.6453
29.7798
35.4194
28.6385
32.3662
28.1184
27.7815
31.2569
31.2749
41.3614
28.5371
41.1386
29.6472
32.8229
29.3699
31.6459
33.6984
32.7008
29.6736
42.2603
37.2045
30.0265
30.7775
29.2811
33.547
28.2449
22.0363
35.5202
24.5905
29.0922
24.4305
34.4829
30.0921
38.0738
26.2504
29.7181
33.0715
27.7784
28.5051
31.5508
31.5974
32.3635
29.1454
27.2443
28.8715
31.8643
27.4041
32.349
24.3248
38.6797
33.3983
21.8319
27.4122
23.2202
22.3211
34.1261
8.13392
27.6835
15.7492
31.5607
21.8052
14.7334
52.1463
10.0807
26.0769
19.153
34.35
28.8126
45.2571
7.60768
41.2684
43.4674
46.2549
22.7241
32.279
42.4018
51.8724
32.1433
45.5955
41.0299
51.0651
32.4872
41.873
36.8361
39.0543
34.1415
32.7296
32.4234
34.7023
31.3923
34.3078
34.1729
25.7738
36.1378
36.6617
41.1997
26.7548
33.7787
32.9889
26.0616
29.7384
39.6689
29.7246
25.5165
29.1368
32.9425
36.1868
34.5006
27.0774
30.0753
25.7337
32.7068
26.3177
28.0296
35.567
28.8615
36.8751
27.7928
19.1613
30.634
36.3767
26.7497
27.5794
34.8643
28.1461
19.0808
42.7658
26.6892
16.386
28.3192
29.2704
44.1292
33.3355
31.9842
28.3592
16.5774
32.3338
24.7425
30.0381
36.7366
25.4373
35.1392
23.4361
28.4247
22.2644
26.24
10.9688
42.6914
0.648419
16.3951
29.6143
28.42
30.5335
22.4779
25.8058
25.5917
36.58
39.4893
33.5329
39.5203
46.5685
34.4753
47.797
35.2631
28.7377
25.5586
30.6731
46.446
31.0696
31.1693
25.7316
39.9891
28.7152
44.6554
31.8299
37.3773
38.5615
27.0212
32.2535
38.0138
38.0087
27.4628
41.6782
35.4996
34.8549
32.3514
32.9107
35.0561
36.7816
27.9849
33.2584
29.6668
33.6918
28.4637
30.1221
33.0079
35.2532
21.1043
28.7216
34.8973
28.2589
28.9624
29.4313
30.8832
34.864
32.2422
30.8218
27.0779
30.3974
27.5125
32.8862
29.3534
30.9614
37.6303
29.2585
27.2242
31.6132
38.079
33.2627
37.3261
35.4682
22.5672
28.0496
22.6925
23.8545
27.584
38.1185
28.9498
32.9888
28.2048
28.168
32.2933
35.9875
24.2057
28.8923
25.6199
20.8409
21.5029
44.3049
37.1087
7.08721
32.3108
26.7873
20.2841
33.6549
7.92719
59.8639
26.902
2.83394
62.5061
22.3656
29.427
28.5178
53.513
40.0044
21.6841
23.3342
30.4285
31.057
45.7588
37.1208
45.6046
31.4714
29.0376
36.3981
37.7948
31.8036
42.804
43.8673
38.3481
36.5545
39.4267
32.1283
27.1704
30.3995
27.9745
34.1305
33.552
24.3758
39.6133
36.9996
22.3833
38.0897
37.9715
19.7758
39.6718
35.2584
31.6397
32.2035
26.627
35.335
30.1857
27.3546
36.6483
41.3885
33.6363
30.3969
27.7251
36.8628
29.3983
32.6984
28.4916
26.9732
34.9074
36.7139
33.9356
22.5476
34.1068
30.8612
31.0169
30.836
26.3325
27.6992
33.0735
25.4737
31.3415
32.8287
37.8452
30.2315
31.2011
34.2562
23.9476
32.5956
26.7199
19.4307
32.4858
29.9228
34.383
29.3676
24.4028
23.5594
27.0704
28.8259
17.8708
5.839
9.88052
29.9548
31.1642
40.6255
26.7226
21.035
58.4964
3.19247
50.2817
32.8599
52.2415
52.8195
38.0969
35.2344
32.3412
45.5285
38.1743
28.0849
28.9753
22.2083
34.6494
32.0766
18.1112
31.6435
38.0341
35.9954
27.415
27.368
34.6063
36.7482
34.8901
33.9873
35.6009
28.7164
35.5378
23.7374
26.8102
32.761
29.3625
37.4978
35.3066
36.7734
30.0218
31.7448
39.8001
32.4183
36.8863
26.4777
23.4166
39.9365
35.5811
33.2817
27.793
28.6271
39.3463
33.0581
31.7835
33.5692
28.2192
41.3569
28.1132
28.0501
38.3463
27.2557
28.459
31.1797
32.0994
36.3824
35.053
21.1587
28.6625
31.452
34.3632
34.4824
32.5398
35.5054
34.0374
24.5403
22.9543
24.5402
28.4582
17.6037
18.7198
36.162
36.296
26.5526
36.0451
28.8208
11.6155
27.1737
29.2216
21.0334
36.532
18.2239
32.8769
7.19203
27.4843
2.24838
13.673

48.1398
34.1996
47.9662
31.6944
24.861
39.0652
47.7073
20.3551
24.6659
35.6236
30.9629
22.8403
27.523
22.3511
32.0784
43.9673
39.5018
30.2274
34.2773
29.2294
32.4541
36.6449
35.0474
34.0915
33.1289
32.1573
37.2022
29.0744
33.5906
29.8998
32.296
28.4594
36.75
30.709
32.8747
34.6976
35.1883
37.3797
34.0871
42.433
33.9019
24.3772
41.5297
30.6051
32.3653
31.845
34.5226
35.1631
33.4604
33.2964
24.257
33.3865
24.2201
30.3396
29.4049
28.311
32.4959
27.4536
38.0939
32.9186
32.3777
31.3137
28.8812
32.4571
26.7302
34.4339
29.907
30.2704
30.1291
38.4929
23.7365
27.7516
27.018
37.7322
24.5432
21.7281
33.6197
25.4677
15.4534
23.9891
29.7904
19.4928
14.1536
8.75468
5.01307
20.2161
19.6659
32.5035
25.8477
15.9768
40.3641
28.1044
12.2566
0.62076
10.335
33.9838
23.2225
37.1495
32.3985
39.7394
46.1068
34.7346
39.3536
32.5855
29.6274
27.4302
44.9797
28.5742
33.5922
37.3317
36.8084
38.2045
30.6801
33.9027
21.9562
32.9759
29.4842
38.1893
27.8323
47.0467
37.1361
34.6924
33.347
34.074
31.5853
33.6326
30.7046
32.1573
33.9635
28.5122
32.4055
26.924
26.8882
34.0144
35.9558
31.0002
37.3757
34.7457
30.5597
27.6503
28.4008
32.13
30.704
30.0073
29.5421
33.4769
29.6575
31.6847
35.7038
39.7165
28.7986
25.2848
31.0217
34.2482
35.0891
34.6332
31.1132
29.3918
34.8108
30.5049
23.0385
35.9063
30.0158
31.2826
28.1277
36.826
27.0696
38.4533
31.8069
30.7678
31.6469
33.5139
23.7949
29.712
42.3993
22.9537
22.7713
40.2898
27.8291
34.1777
37.4269
51.3823
16.9162
20.3293
49.0871
42.3864
28.1431
19.4315
26.2175
20.8661
26.1704
21.5687
33.1866
22.5859
40.2012
12.1512
19.0707
42.5491
36.4888
42.5058
20.6795
39.982
30.4878
33.8005
28.2335
28.3577
33.3709
22.7391
34.4109
38.0368
23.383
27.8826
41.283
31.4733
33.2322
29.9345
38.3229
30.9778
33.1522
32.2359
32.8299
28.8161
36.0049
30.3262
37.6289
36.6234
29.899
30.5585
25.8347
35.6485
40.9665
35.6166
31.4845
25.7577
29.3057
28.7849
28.1898
24.5447
32.0232
23.7815
32.3691
31.4442
33.8069
20.2771
36.2218
31.6671
31.6216
35.0527
27.1172
27.0448
23.2421
27.4306
23.1037
26.2162
30.9288
28.1605
22.8528
33.2738
27.1544
26.6262
29.6649
19.5395
26.7219
43.0263
32.2373
24.3895
31.6382
22.4286
24.7496
30.5666
43.7761
37.038
23.7752
21.4353
31.6197
34.2442
13.1538
20.8717
22.6445
36.7209
21.5281
26.7926
26.6208
45.0565
34.1562
47.6477
47.9981
39.8982
35.0549
29.5116
25.0058
28.2385
34.744
32.3008
27.3864
29.7942
34.6905
30.0054
23.9433
38.6437
26.2794
37.1619
34.9881
30.1986
36.1383
35.6158
37.3414
28.659
41.8343
37.0002
39.8814
36.8754
27.7231
33.8744
33.4181
21.6512
34.7844
28.9716
31.354
28.5705
33.3353
33.7285
29.5295
36.8818
34.0364
32.6898
29.633
28.858
30.1618
30.7329
33.3999
28.5965
24.0106
30.5481
30.0462
28.9274
22.1366
26.2243
26.1463
40.98
25.9907
28.8626
30.7136
31.1123
28.8756
24.7648
25.1908
29.4262
32.9737
26.089
28.4267
24.7144
19.3005
30.8373
29.9478
42.9024
39.0338
24.9072
35.604
27.3985
26.3945
32.422
32.7994
25.8279
49.0695
18.6113
20.4628
28.064
29.8996
32.329
22.5927
26.6227
15.0797
1.22145
61.6814
42.7151
43.8475
36.5621
35.4346
29.7524
33.3314
30.9546
40.3692
43.9324
32.7187
37.3962
44.4297
21.7152
40.4929
33.6954
12.786
35.3117
26.962
36.1387
26.2519
35.7984
36.0491
35.0614
28.7211
33.8058
34.1966
28.3883
31.1157
31.158
30.9514
39.7357
32.5506
32.2792
30.8822
33.5895
29.7703
30.3442
38.8482
33.0136
34.3845
40.228
38.2551
24.3191
32.7488
33.0572
30.3117
28.2469
33.0534
27.3645
18.8192
31.2296
36.4306
30.7028
29.8772
38.5409
29.7864
28.3251
25.3821
23.0529
37.894
28.4582
30.4279
26.38
32.1478
27.169
23.5388
29.5029
19.1442
32.5026
28.082
19.3179
27.9241
33.2288
27.9495
35.4559
26.304
43.2979
30.2793
25.3453
33.0445
34.8972
33.3925
18.1133
30.4822
13.756
25.675
20.5392
34.0115
13.3348
16.812
39.126
17.2039
30.7331
13.463
38.8687
48.7604
54.5393
49.0589
26.7341
28.9695
56.4841
32.9342
31.4249
28.7003
39.834
25.621
39.4178
38.4246
36.4378
34.0345
25.6187
36.3157
24.2124
35.5815
34.9142
32.7193
36.4091
30.9538
37.422
27.3236
22.3707
27.2804
36.2968
32.9086
28.9269
34.1731
32.2144
31.2755
39.8953
29.6669
41.7985
22.6102
33.6493
34.1313
32.7807
32.4816
30.0948
34.6604
29.4823
27.5464
37.7546
40.6905
33.744
35.0034
36.7757
31.1039
32.8886
34.9858
29.4473
33.4432
25.6236
35.3678
20.0778
35.0909
33.9771
23.6795
26.3382
35.0451
28.9322
28.9456
37.1507
30.3041
24.8585
25.9732
37.2909
30.4128
12.7719
27.1044
15.989
30.9515
19.9666
14.3403
39.1595
36.2091
37.2998
38.5711
22.766
8.87622
37.3682
1.95173
17.9466
33.0904
23.712
30.0603
8.94994
49.0961
47.0153
24.7902
34.1185
32.6998
46.5521
39.5623
28.7747
46.9052
37.8303
29.307
40.7734
27.922
19.3441
38.111
29.2949
34.934
25.1427
29.8119
35.4232
28.8507
31.1772
37.2508
28.0471
33.7066
34.2251
34.0969
39.3421
34.7596
20.3561
36.3093
26.1032
33.6398
31.9575
30.538
37.9133
21.3856
33.7748
27.634
33.4428
23.1991
33.9948
36.204
30.497
22.9334
25.2776
30.3553
37.4846
28.2354
34.1592
19.6918
26.1131
27.8701
30.3553
31.5666
31.2967
29.7369
30.3705
27.7522
17.9587
33.4616
34.273
27.8292
33.4742
36.0523
32.7126
27.74
36.966
27.9303
33.1641
27.5869
23.0551
29.0252
27.8056
36.1609
22.9101
28.2288
26.2917
39.972
30.5974
32.0625
27.3925
31.6745
14.6919
42.6606
33.1298
25.6019
19.9908
17.8239
41.486
5.7017
20.7735
47.871
15.0343
38.7604
52.3115
51.2374
38.1832
35.581
42.8866
29.5387
32.4364
40.4241
33.2879
31.7586
10.5066
27.8046
28.3359
27.2381
39.5298
31.9722
43.278
32.1125
26.0491
31.2745
29.2081
32.2556
25.8278
31.1972
30.3952
29.1584
30.2275
30.9035
33.6499
33.6714
30.7561
25.1967
34.2792
33.0021
33.1567
30.7085
26.8075
37.2146
30.4717
31.0091
34.7055
30.578
29.0873
30.8903
32.2049
26.8203
26.6807
37.6213
33.3039
27.3855
31.7876
26.7666
21.5854
30.7346
26.168
25.0844
32.8224
18.941
28.8168
30.7047
34.0608
32.8682
29.2652
29.0121
35.447
29.759
31.2405
38.0641
23.8112
32.8548
23.9777
19.6133
34.5206
28.2029
36.6493
28.8587
20.8491
25.6099
22.8302
16.4974
30.5711
3.07875
17.7218
13.4959
14.9455
31.9229
27.1176
20.8153
26.2919
26.076
20.8741
13.2888
5.81164
31.9236
59.3004
7.08805
18.8456
41.566
30.2727
22.2311
29.1652
22.3214
39.8453
22.2372
45.7522
22.3671
26.6367
34.2208
40.6876
40.7807
35.6325
39.8445
37.7159
24.7501
36.9243
29.6943
33.6848
33.0851
29.2519
35.2176
28.9903
30.1699
34.8385
37.0964
27.2014
32.0544
29.0755
30.7563
30.8163
38.4458
26.809
26.8338
28.1661
29.3662
33.9828
30.3398
27.4453
30.5776
34.6231
34.76
27.4258
20.8684
31.0865
22.3355
30.248
32.8224
33.6062
36.5152
29.8026
34.7084
22.1998
32.2243
30.8713
38.3898
18.9794
25.9735
28.7522
28.7916
35.7099
35.2512
31.5908
27.3435
35.2171
34.6992
28.9221
31.501
29.494
35.1942
23.3995
28.7563
36.1888
37.3907
31.0204
29.6706
18.5054
24.6356
26.1926
29.8231
35.1265
5.93848
32.7143
41.5948
37.8238
28.4095
34.9531
22.8031
49.0716
45.5376
44.1012
40.9715
29.9164
45.5409
49.5302
25.7411
44.8298
35.2912
25.7169
30.394
42.5321
27.9281
39.795
31.0042
46.7201
34.1816
28.7765
28.3584
30.9025
25.8306
41.4679
33.6177
24.6942
29.6483
37.7398
37.6766
37.1686
28.0151
39.5858
34.0756
36.4905
27.4025
34.0236
41.9295
32.7051
30.6704
29.8277
36.7203
26.4609
35.7402
34.2483
30.4967
34.0043
33.4538
35.4111
34.4496
18.2408
33.049
26.8149
29.6657
31.8519
28.4597
25.8431
30.501
34.3477
36.0427
38.5576
28.1448
32.9137
38.8279
34.6985
29.5403
30.7067
28.7997
34.4798
31.4993
31.5413
28.0645
29.2298
28.1134
31.6926
45.5641
44.0682
54.4717
30.6628
20.0605
25.2066
6.20496
36.3877
32.8439
24.2778
28.5074
44.2944
24.7074
22.1675
22.5378
20.1094
25.7907
31.3156
27.1193
34.7196

62.8169
11.1654
45.0668
35.2742
49.1561
37.9347
28.9601
47.6263
33.2807
50.7399
34.7269
40.2412
30.1122
23.499
26.5913
31.8555
22.3221
34.2806
28.379
28.9164
33.9767
35.1393
29.1437
29.8766
29.2393
29.4207
37.8057
33.897
28.0556
31.8075
24.8026
27.0398
26.0159
30.6907
34.5002
32.4124
27.307
29.0391
27.9698
32.3574
37.5614
27.0807
27.0828
29.243
20.8283
33.1802
19.0585
21.5947
36.7172
28.8547
26.2094
27.6407
25.1711
33.2362
30.4351
34.3772
25.29
31.8482
25.8881
24.9773
40.8343
22.6723
31.5045
25.033
35.1015
23.8533
28.6678
41.2034
34.2205
26.8585
35.1911
31.8463
29.65
33.0631
27.2141
30.7798
26.529
29.102
45.175
24.7039
30.7252
28.3793
11.5122
21.5243
34.9625
30.9071
33.0382
24.2241
23.1491
4.72782
10.2033
43.4742
9.96755
29.2524
25.7006
42.693
48.0041
39.0975
29.1734
41.8301
31.1455
29.2542
32.536
38.4607
44.3749
29.329
34.513
24.7562
42.0856
25.3897
33.2133
34.5882
31.7643
35.9408
28.0936
25.5758
43.6591
31.0324
37.2792
39.2208
27.6681
31.6128
31.8275
38.0933
36.8559
36.1406
36.4662
32.9289
27.1178
28.2647
31.1941
29.0389
30.9026
27.0882
39.6041
33.6959
36.8591
23.9013
32.7025
26.2849
32.7416
28.242
30.1339
35.2435
27.2364
33.8864
35.5888
29.0617
31.5017
31.172
31.8104
29.0134
29.9914
32.3352
25.15
33.4146
31.4586
30.6599
37.7125
29.6293
31.3116
32.364
35.355
33.7449
17.8553
36.3213
27.7005
29.0122
33.405
28.0436
38.5341
31.3818
33.5555
26.3607
26.3645
9.43802
20.5035
34.2879
43.6934
17.8174
12.9956
20.5827
37.9275
17.6924
35.6688
38.1554
55.0863
52.4372
45.0828
43.0465
23.348
39.3275
55.9773
36.0555
60.9081
34.226
42.3738
38.4048
30.4254
41.026
36.5252
26.3211
27.1923
29.8379
32.4452
17.9223
35.1771
29.9746
35.8894
31.6686
36.7552
26.251
28.2864
32.97
39.2748
29.0086
27.6633
34.488
34.1034
27.9684
32.729
22.2621
35.2399
26.4934
28.377
35.079
30.039
30.9356
32.3481
30.6265
25.1119
30.347
33.1377
22.2056
30.267
30.5357
29.1978
25.7733
29.9376
31.2285
30.7645
29.3026
30.2076
27.8185
31.9259
39.6817
21.8223
32.8052
34.7247
22.9146
28.3604
29.0845
27.5268
33.3657
25.4391
27.1997
21.6285
30.3599
35.1199
35.3296
30.5427
38.576
29.4812
29.61
28.6983
12.6254
31.979
15.8511
23.2498
35.1253
22.0861
26.1907
28.3167
34.7197
17.3222
32.4664
56.1962
18.8074
34.3626
36.3764
48.3222
32.8988
55.9964
30.1477
35.6336
28.6642
21.7033
33.3304
36.3566
36.2993
28.0322
23.8174
43.9608
31.5376
31.7432
38.9855
41.1294
22.5785
29.2842
34.6879
37.638
30.0805
29.4434
32.0681
25.3452
36.9695
30.9543
38.5894
30.5589
27.2741
36.2057
39.0072
25.4505
26.69
29.0339
38.397
32.1202
31.1135
31.3338
32.2934
30.0895
35.8168
35.598
35.9828
27.1246
38.3394
30.6937
30.4014
28.4965
36.8806
31.3066
30.9157
24.551
29.6399
30.4331
28.4472
23.011
30.2518
27.0628
33.8462
36.085
26.985
35.3415
33.7404
19.2637
27.3259
31.315
33.8529
19.8904
35.3783
28.9157
32.3892
24.9816
29.9504
18.3453
47.3652
23.4453
32.0582
22.7388
34.0312
27.6761
24.5155
37.8825
36.172
20.8265
47.2583
30.9927
16.9934
23.7742
8.46304
40.1701
29.496
52.3794
57.8853
33.2888
28.0567
58.8455
34.3446
34.6397
34.3873
47.3568
30.6483
37.391
32.1972
20.5815
30.5162
18.814
28.6809
47.7874
9.15524
25.0654
34.07
36.9094
23.1339
25.7099
29.3787
32.9077
30.0076
36.2447
25.4411
36.714
26.8466
28.993
30.4586
35.0897
29.1383
38.647
31.4474
33.9883
24.7092
24.5209
38.6639
27.0121
34.1064
32.9055
36.155
32.2219
35.2205
27.4619
33.5764
29.6842
31.7349
30.403
27.4921
30.943
40.4774
31.5519
30.9958
28.9609
33.9487
30.6562
33.9637
19.4376
24.6208
35.7234
35.3005
34.9905
32.7184
34.2058
30.6527
31.8639
32.7258
31.6613
24.0603
27.3606
26.8691
35.4605
32.0317
29.5367
31.534
37.4426
30.119
17.3495
27.3726
27.7478
14.2016
21.5014
25.0816
26.0845
29.2195
19.2852
21.9468
4.09742
38.7452
48.2195
22.0531
47.0383
47.7329
42.678
40.6709
26.678
39.7164
46.6616
25.925
42.6835
37.6338
21.9075
27.5274
38.3708
36.4851
38.1604
40.6838
35.9998
32.1608
30.1897
26.4862
33.0492
31.8714
31.272
30.1613
35.8248
38.0854
35.3934
34.9299
23.7551
35.9169
36.8781
32.4285
31.2754
27.4696
30.8127
31.5933
33.2261
23.841
29.6356
29.2075
31.9194
30.8608
31.774
30.6358
28.0692
26.1305
38.1903
35.6831
31.9557
27.6835
29.7164
37.0959
35.3747
26.6796
33.795
34.3177
32.7591
33.5972
29.2662
30.5017
32.9941
33.8451
26.3078
34.1065
20.924
24.8929
32.5989
29.0661
29.2045
29.6544
31.6199
34.8344
33.864
24.6293
22.795
40.8497
17.2087
31.2216
26.5291
26.4207
26.7143
41.6798
24.7117
27.6621
38.2218
33.3827
55.8453
2.0325
1.32575
31.789
41.279
38.0522
37.1558
52.7591
34.8064
35.5925
40.6742
37.1126
31.8452
42.4934
32.4254
51.8498
32.7594
23.7534
30.7122
26.881
39.5552
45.95
34.2158
37.4002
38.1494
29.2721
33.2175
32.1777
31.883
26.9268
33.8478
27.506
32.8492
32.0244
31.951
30.7577
26.258
34.8094
36.7135
32.1096
31.2762
38.1041
38.5922
32.4611
32.15
29.2903
27.2129
35.1282
28.2779
31.7698
26.2221
32.9259
35.2043
27.1644
30.3088
35.4881
38.4895
27.9384
22.7758
30.3135
35.3
31.3087
23.4404
29.2931
33.101
22.4807
24.1769
25.0943
29.3388
34.8875
32.4557
26.7549
37.0667
27.8006
34.4116
24.9519
41.6843
27.0586
22.0465
33.1626
22.745
11.9859
35.0377
21.4501
31.2782
28.4153
23.2643
35.9559
21.9076
32.0719
27.6093
37.4535
19.7501
23.9917
36.5093
44.8069
29.0469
25.3656
40.4751
35.2155
16.7875
38.1266
31.545
37.2471
61.5152
36.9292
23.9445
41.0717
29.3705
39.0987
30.9862
36.337
42.7381
33.8056
41.6362
38.1754
32.743
32.5486
27.1655
34.4893
38.0762
43.612
28.7531
31.8076
33.3633
32.9805
34.8791
35.1521
38.4067
35.9531
37.998
36.4356
25.6396
32.215
34.3756
30.6223
34.9584
37.8527
36.3257
28.1122
35.3363
37.3676
30.5082
30.6692
32.7392
33.8486
33.2213
27.5292
31.7433
35.5298
31.5636
35.5122
26.888
28.2508
28.6501
32.4516
31.8946
33.8378
24.2338
31.299
31.1432
36.9711
31.7152
26.4198
29.7835
26.923
20.8412
35.3841
25.2838
39.4777
30.1157
26.645
39.7563
24.4157
13.6735
28.8821
23.724
20.2196
25.2405
15.8361
27.5459
19.7588
30.7388
34.8739
39.7577
21.869
12.5418
11.8997
16.4474
42.6399
48.7895
47.2027
28.699
33.401
15.6706
29.9394
44.4708
30.8182
32.2132
16.6313
36.9298
40.9003
19.0301
36.4084
26.5359
40.5927
40.066
42.7668
37.0182
29.3632
39.0928
31.099
29.3336
34.6197
33.0766
36.3496
37.2016
23.7407
37.6326
26.1573
31.1779
30.0408
31.1436
27.35
29.1686
32.213
30.8002
33.4906
27.4959
31.5013
31.7822
30.663
38.9677
26.2617
27.722
33.7744
28.0529
31.8427
26.8333
32.7845
27.1164
28.8972
31.6985
28.9226
32.1974
27.8878
25.7975
31.5869
28.9757
25.8107
29.4529
43.159
22.8563
34.9344
32.8986
27.188
32.3913
34.2138
27.7878
32.7311
29.9801
28.0347
32.6523
21.0252
32.2478
17.8959
34.3701
38.9402
29.0686
32.4247
25.0896
15.7891
39.4606
26.8082
33.4293
44.0727
24.8411
21.2018
31.0204
34.0016
0.71603
25.7406
55.76
29.149
37.9205
38.8961
53.2677
36.7677
8.89482
30.0904
2.00953
41.4912
37.9415
30.8273
38.6305
38.9829
29.8886
31.9725
40.3109
36.1575
28.9208
36.7407
34.2434
32.9801
25.3303
30.911
43.4875
33.5391
41.6211
33.6352
43.4006
27.5321
19.6224
36.8972
35.8117
29.8711
29.3017
29.0951
32.1993
34.7512
25.7157
28.1408
37.7523
34.8515
37.9013
40.8251
27.0876
34.739
28.9082
27.9607
40.6281
30.1896
40.5068
29.5145
27.5844
31.2822
27.7848
32.6827
35.0971
34.6706
33.9088
29.1843
29.2956
28.2467
35.1278
30.1414
36.3948
34.445
30.05
26.7241
31.7335
24.0376
34.164
31.2016
37.2704
36.4264
25.4039
31.4231
24.555
34.7526
25.8578
34.6034
39.3118
20.9909
24.5524
29.771
27.6567
24.0003
32.775
36.451
27.1486
17.6802
37.0549
8.05253
23.1466
21.5401

27.6917
17.285
19.4758
57.1277
53.7971
34.8259
45.3596
25.4735
21.1161
38.5746
30.6963
34.5512
33.5707
22.0606
35.1252
39.6192
42.8553
31.0661
31.6575
40.059
21.841
31.8676
43.4131
32.7034
32.8409
30.7228
34.6315
27.7641
28.2752
29.2343
27.5184
38.7183
31.2285
28.954
34.5954
34.6795
30.7428
30.184
31.5804
25.2354
31.6883
38.288
26.3856
38.4639
24.0073
30.5862
34.4261
33.7608
36.9993
33.4687
26.673
29.1801
25.7415
29.5126
27.6226
25.7421
23.3308
34.6895
33.7642
28.7333
32.2962
33.5562
28.0065
24.2651
41.7703
26.1134
26.2293
31.9269
26.8445
33.3021
26.475
33.5316
22.6877
25.7822
27.9073
39.0024
37.084
32.9201
36.9291
28.0154
34.1527
30.5612
24.8146
23.4275
7.78336
23.9947
43.9112
31.583
19.4094
40.7296
17.528
27.2563
30.6028
34.9045
48.5288
32.514
31.026
24.0294
42.7053
59.8095
44.9848
17.5293
24.7945
32.3697
33.4236
31.1148
38.1333
25.9711
34.2368
24.1717
36.7354
31.1725
38.1564
32.8181
30.7359
33.8485
38.1897
30.9581
30.4679
29.9915
42.5986
28.9221
24.1972
27.7884
35.9689
31.3054
34.1925
28.9113
28.4162
35.0664
35.3054
28.8563
30.2706
39.7702
29.7224
28.7939
34.9455
32.1362
25.5775
28.3628
23.2902
33.3811
33.229
33.27
27.603
28.1425
36.645
35.6478
27.3817
35.1957
28.4811
28.3541
30.9378
29.8819
33.2614
37.2861
28.0389
26.3259
31.8649
25.821
27.3776
41.7492
37.272
25.9493
33.8332
24.9598
35.2766
25.1742
32.7086
29.2431
36.1634
39.6534
28.0714
32.3847
26.8596
31.0248
29.8966
37.9042
26.8941
31.3721
23.2471
31.2443
22.2584
30.4551
31.6404
19.4419
32.1777
38.5728
47.7452
20.5482
59.5474
36.4767
45.8384
55.7559
44.94
37.4886
50.0496
39.677
32.6504
34.7234
31.9786
35.7171
11.8528
40.1334
40.6405
32.6554
29.5907
31.6541
38.9561
38.258
41.1247
34.858
36.5642
33.9121
36.0059
32.857
38.6058
29.95
30.0743
42.8839
38.4392
29.8472
24.9412
33.7757
30.0742
29.5115
20.0444
26.3787
34.5069
32.987
29.5763
38.807
28.2949
29.6499
32.0231
35.668
31.233
33.1524
35.6409
26.0715
33.7493
34.49
38.7271
28.7666
31.2067
33.2247
28.4705
37.7307
34.717
38.183
31.3315
33.4898
17.6022
31.7125
17.7352
36.1157
30.9195
32.6761
38.1584
31.6257
29.0625
22.2296
15.9917
25.7402
30.0211
36.1787
25.6799
22.1664
33.0393
18.3904
29.5216
22.2013
27.4013
34.884
16.6278
26.8515
29.1752
31.8055
24.2927
25.6902
6.597
30.975
26.8574
46.8345
35.2162
49.6268
41.3886
34.9926
36.4024
31.2281
38.7483
44.5684
32.1185
35.3417
30.8838
27.2682
33.0074
21.3435
32.2206
19.3988
27.6573
28.5942
26.87
38.3323
31.737
36.9876
36.5325
25.4409
43.7432
28.7396
29.2
31.0953
33.7914
32.4383
32.1544
27.1849
29.9011
26.9995
35.3247
34.5148
33.1512
36.0389
28.1879
42.373
35.0665
28.4266
31.5243
28.6229
27.1086
29.0857
36.9128
32.2113
16.3825
30.3455
27.439
28.4845
33.979
25.6278
27.6681
37.3923
20.0657
34.294
34.3771
22.1592
28.2367
31.3463
31.5355
34.5061
33.0565
26.3282
17.9443
32.1812
33.0635
39.6805
31.1032
43.3405
28.4808
28.3379
21.1014
27.1828
25.8961
17.381
28.7117
20.8789
39.6806
25.1728
33.837
19.1647
29.2453
41.815
30.921
18.7021
6.14576
20.5372
15.1168
42.677
61.7344
33.4757
20.9824
39.5718
3.19587
30.1396
23.745
34.54
37.6206
36.7439
36.3332
26.0792
38.4187
26.0744
34.5517
34.8779
8.17796
42.2574
32.2446
33.1524
32.2707
22.9186
23.8039
25.0935
37.8865
26.5435
34.151
30.8052
32.0947
23.136
30.3606
27.4164
29.105
38.1738
27.1755
30.9983
35.2725
31.2336
26.9636
41.1577
34.2135
31.8918
35.2166
23.4403
27.461
29.1212
22.347
34.6659
28.0911
31.1137
30.4062
32.7605
24.8165
34.5976
27.7952
27.3773
31.8547
21.5776
30.093
32.4034
26.9338
35.4463
31.4695
31.5202
28.0639
27.9485
34.5639
33.9464
38.1891
29.4255
40.3652
20.1162
27.9863
23.6351
24.0598
24.026
27.6645
7.44228
42.046
36.6466
21.6296
27.7905
26.698
19.885
39.5475
25.6185
27.6094
38.9313
28.6544
8.0423
36.2873
10.3584
13.1546
34.4455
16.2942
51.5755
61.0881
31.8885
4.05508
46.771
3.26795
59.374
19.4796
49.7301
33.5332
45.4556
26.4832
34.167
27.7662
31.672
45.6778
29.0427
30.8618
37.8581
41.7748
42.0041
32.8399
32.4425
41.9034
37.3814
45.3216
29.5236
31.5343
34.0161
30.9264
32.3164
30.3143
26.3003
35.1238
25.0489
36.9631
30.3039
28.0299
32.831
27.5114
32.4971
40.0542
31.4626
45.0146
34.6434
24.543
34.2945
31.8534
28.0448
28.0271
36.6495
24.6611
26.7379
27.1794
33.9479
39.3088
27.1719
26.4095
33.6148
30.3271
25.5106
23.2765
32.7059
28.1372
22.2196
29.8399
27.7977
26.9784
28.5837
25.3002
35.0028
33.0045
28.8314
31.5637
23.6795
29.5434
33.7847
28.9085
46.4401
32.4243
19.7553
36.4036
29.9363
15.933
31.8163
21.3952
32.3183
20.2865
31.0019
4.3108
37.2312
21.8975
21.1511
55.7347
9.49913
17.9812
36.6957
45.65
44.0831
33.2031
42.6785
52.8162
29.9506
43.6756
35.1719
56.0382
36.1625
20.6028
29.6644
42.8416
31.7447
27.9932
34.0672
30.8762
32.8224
29.7673
37.171
36.0686
35.3927
39.1453
36.902
29.1935
28.3175
31.1901
33.3205
34.969
33.068
37.6567
34.7158
33.4669
30.1459
31.2467
24.7436
28.7879
24.7278
20.6577
30.3566
18.1841
31.3741
33.4865
30.5709
38.6703
28.5839
31.7759
29.266
28.6632
32.8849
30.6963
30.7395
25.3004
29.5326
41.8827
38.1481
30.453
20.2111
34.634
30.435
25.8876
26.5726
33.236
30.3888
31.7822
32.055
27.2414
24.5804
26.2283
22.4991
34.4968
31.649
29.495
35.7242
25.8308
32.4579
39.2704
30.6019
24.7834
28.5049
28.1508
25.8597
34.0844
31.204
39.603
31.2212
0.667758
32.806
50.8662
33.4344
41.779
34.1246
40.8778
29.1005
38.9616
58.9458
39.1107
34.2076
35.4839
23.3244
39.7167
31.5865
44.4897
39.0233
29.1863
32.5257
28.1373
33.9709
18.0691
34.4358
27.4126
23.9509
36.095
29.8157
32.9363
27.2181
35.474
35.4564
27.6142
36.4447
29.5837
38.0007
36.1376
33.3161
32.5861
30.4873
29.1695
34.06
30.4256
29.3183
29.5502
21.9963
36.5538
35.2576
25.9573
29.2597
31.508
23.9295
31.0448
29.5451
28.9033
27.1519
37.702
30.9522
26.3739
33.2947
35.3408
24.6117
30.4487
30.5993
24.8362
25.5706
28.3455
30.9629
24.5953
33.436
27.622
38.3207
28.5047
33.3935
29.2789
34.798
19.2803
27.6343
24.5237
32.1767
25.08
12.6083
25.2579
26.1985
38.4414
37.9866
19.0896
33.6115
21.9321
15.7825
28.9418
28.4399
40.3668
42.1228
31.962
30.9357
36.4924
22.3866
43.6077
36.0006
42.9781
29.4554
45.8556
16.7806
40.295
17.7611
28.6993
37.1053
30.4736
29.7088
33.3963
30.5868
31.1252
27.0875
29.7055
23.6278
33.1592
33.1678
30.1944
32.6401
34.1756
37.5314
35.7774
34.9795
35.4198
32.1145
31.7515
29.4244
30.8865
28.0999
27.5494
32.0875
30.9328
36.3111
29.3704
30.5827
25.6617
35.2492
22.0803
37.1187
30.4228
37.6955
33.7154
28.8478
31.8043
34.0016
26.4041
33.0235
32.8269
35.0464
30.0047
33.2558
26.1552
28.3944
17.8359
35.2432
38.4331
34.1
29.3603
29.8358
40.1239
26.809
27.713
28.5634
34.1093
25.1838
20.962
29.4134
35.9215
31.324
26.393
31.5723
27.0978
22.3223
17.2393
21.2832
28.8461
31.728
20.377
13.9626
19.7452
26.7251
34.8736
23.5248
55.872
58.2802
37.0121
38.2395
32.5004
27.7521
31.7728
42.8996
23.7051
35.3082
41.4921
24.1539
26.9553
38.1289
35.1129
34.7008
36.694
32.8617
29.0199
39.3072
31.8211
33.133
31.1641
45.2252
28.8604
30.4091
30.5035
44.8274
28.7696
27.8259
25.8493
27.4876
29.199
31.4579
28.462
35.472
28.4649
28.1261
43.7581
37.2096
30.5566
24.0734
24.5425
31.3954
30.0533
29.1638
23.1549
36.2598
29.0779
27.6063
36.8017
20.7963
33.6774
32.1696
36.1794
38.6339
29.2123
27.3165
38.035
33.8506
32.2779
37.5959
29.5991
37.9054
32.2144
20.1692
28.6024
27.3264
22.992
27.7315
31.5231
30.3269
16.7117
36.3839
28.5001
26.6647
31.7243
39.7157
25.2761
33.3349
24.7279
26.6278
27.2279
16.2198
14.0096
21.9451
26.2848
41.8166
20.2
26.773

22.8568
32.4503
41.2817
22.2077
23.006
34.8525
36.1656
36.9941
48.2985
32.3105
33.3568
34.3942
39.5394
38.661
18.7954
34.3645
34.0965
33.4717
32.7062
36.9067
30.9344
29.7153
32.4199
33.0686
39.7336
32.5183
30.2346
33.7391
32.2683
36.742
19.8337
25.7733
34.4354
32.3505
33.8722
28.2358
34.204
29.8875
26.8945
35.1297
31.342
38.0182
29.1635
34.1713
33.371
31.1333
29.6923
36.8067
34.6834
26.6464
32.4788
28.838
23.9763
23.693
26.7283
30.0087
32.8766
27.0262
19.1078
25.0044
24.0805
36.4804
30.1335
35.2503
35.6486
28.6767
29.7102
21.1921
31.7606
22.3292
20.9911
24.5784
22.7524
25.0576
26.1939
26.5288
25.5772
34.2353
25.5716
44.0829
24.782
25.9228
24.4946
28.1507
34.2895
37.7757
36.6062
28.0603
24.6419
44.2193
37.8276
39.8787
31.3617
27.68
41.8853
28.7213
28.0072
6.5093
53.6748
48.6631
42.4733
61.1631
51.1185
17.3592
39.8348
22.0508
39.6101
35.7552
40.9058
42.9024
36.0577
39.915
31.3076
32.5917
31.632
29.3216
31.4947
18.7591
30.605
28.0596
37.0547
35.5063
42.8794
38.3643
28.4095
28.4838
34.4024
31.5784
32.2882
34.6188
26.9177
33.9479
31.3943
39.1729
35.5829
37.2003
40.8911
33.9477
34.5737
27.8021
26.2416
31.3281
29.482
28.9636
36.5223
27.0037
34.5535
27.6113
34.9569
34.0827
25.9391
37.9235
24.7466
25.5019
30.009
37.0488
34.9121
25.9491
32.6456
30.847
38.5618
21.7907
27.631
29.545
25.6817
26.5811
38.6278
21.3605
25.8637
27.5478
19.7645
43.7776
33.0295
23.3866
15.142
23.5267
20.7186
30.1062
22.9984
28.6653
29.8814
28.2978
36.6142
26.3744
21.5233
39.8609
41.8892
38.7977
48.0512
47.2804
31.4409
48.22
35.2867
40.022
33.0014
20.4365
39.5989
35.1991
12.9197
29.9824
37.75
40.7771
36.4358
25.0897
38.5634
26.0083
40.7642
34.5112
41.6921
32.2914
40.8966
36.0795
19.356
30.1725
29.9151
32.2929
35.1379
37.0315
37.7318
38.5408
36.3081
25.3167
33.5729
31.7195
31.3401
26.7983
34.0685
38.558
32.6582
30.6644
30.3737
38.3672
32.4421
26.9434
28.6045
27.3203
28.5705
20.6695
38.1233
23.5869
36.609
28.8701
32.4334
32.7175
16.4015
29.5894
31.8293
34.3333
27.3258
34.9525
33.7512
39.3942
35.0383
31.0354
38.5697
28.7988
21.9943
33.7927
30.192
27.936
32.0529
25.5867
25.6587
23.9867
11.9813
24.6218
28.4728
23.299
26.6983
21.3741
31.9042
34.4001
5.75434
38.6615
33.276
27.7194
41.1804
26.1774
32.0996
42.2568
31.2772
17.0919
38.1085
21.6615
34.1369
38.2516
38.5977
34.9655
37.0693
39.7496
25.1475
41.2923
30.6059
34.7919
36.0166
25.5817
32.4512
41.7604
29.7669
38.5208
25.3737
35.2319
39.499
30.9539
35.025
26.316
33.2345
32.9786
34.021
29.6017
32.3501
26.6466
31.7879
25.5953
35.5211
37.7906
33.2257
30.1314
26.7784
29.8231
27.5474
27.2981
41.2965
37.7744
28.4019
34.9172
37.7536
27.6907
24.8467
31.8273
22.5855
29.3825
31.4107
27.5286
32.3361
42.3756
31.3841
23.5234
25.9139
37.37
25.2775
26.3623
22.217
37.1487
32.8482
28.3646
28.5539
30.3788
31.4921
28.4471
32.239
25.6279
28.6622
36.2817
14.1124
24.2448
19.6957
27.4183
21.8991
1.19823
34.4951
10.9822
13.2458
14.7145
38.9844
28.7098
3.60745
27.3944
34.5736
34.6464
48.4931
26.6212
34.4477
28.75
54.3184
25.3174
31.1986
38.6366
40.7094
34.2963
36.6673
43.3962
38.9633
38.8202
21.8667
41.5908
40.2401
32.9087
34.1305
37.1811
27.847
24.9472
27.0172
28.4647
26.0616
32.4299
34.4117
35.0426
36.5245
34.2779
22.7646
26.9642
28.975
27.9702
34.3161
35.8565
29.4541
37.9996
29.2795
34.8993
27.3411
26.3049
33.6756
31.771
27.1601
30.2396
33.1642
29.7922
26.1011
26.0315
34.0986
31.0167
33.5708
27.9254
31.1493
28.279
25.8236
45.6078
31.2861
32.9735
37.2756
39.245
30.3471
30.1786
33.6355
22.7011
32.9773
16.9923
29.7659
26.026
25.3722
22.3382
16.3231
37.5449
28.5889
34.7383
32.4694
30.9787
23.9058
12.0524
11.3036
22.9316
7.38815
31.5798
39.3552
45.4129
39.5855
28.8181
24.246
29.4004
37.2985
48.2097
58.3524
36.0075
41.5231
32.3307
59.6061
42.3807
40.8506
29.8885
37.9049
32.0583
32.1766
26.0601
37.9453
32.9076
37.0799
46.3748
32.3692
34.7891
19.6569
31.488
38.5554
30.8451
33.1025
34.5883
30.6533
30.9866
27.6814
24.9816
37.7122
33.7719
35.7404
34.1589
22.3989
39.7262
30.6525
29.9991
35.5945
29.8344
33.6383
34.7395
33.6227
24.9146
13.003
32.2876
35.4917
25.0493
30.6595
32.774
29.8014
31.8456
31.2102
36.5633
31.3251
32.9947
37.0287
30.656
20.8754
29.7853
25.527
32.3179
31.0179
33.0751
26.2925
24.2381
19.5221
30.1094
27.8371
31.5754
28.9011
40.961
30.9249
21.1892
30.8079
16.3462
22.5783
22.5952
47.1349
17.6933
41.5657
26.7333
8.6937
25.4174
32.8736
8.39027
7.61198
27.2057
19.4686
46.6332
61.2312
35.7614
29.5816
22.2611
37.5755
13.3542
28.7788
21.3896
30.5197
32.4309
41.3109
31.4153
29.3103
37.86
28.6407
25.9251
30.3804
29.5579
35.6899
33.3259
26.3566
13.1819
38.5645
33.339
22.4735
35.3341
37.7926
36.5117
24.0073
30.8992
32.1761
32.3318
31.5685
32.6859
28.2326
35.032
33.3993
34.4171
35.1336
31.3326
27.5641
29.6222
25.6939
33.3102
29.95
31.0256
31.8304
25.7363
20.7242
29.3253
27.6131
30.2466
28.0379
28.8685
25.0963
27.2535
40.0716
33.1431
26.8964
24.0998
34.097
30.9145
33.1971
29.0426
32.1072
30.7509
27.6497
34.6227
29.0499
28.3127
37.371
21.8605
28.8719
36.5175
31.4254
31.09
24.9004
24.693
32.2805
11.6419
32.2812
25.6848
31.5351
18.3441
27.5621
28.7541
35.333
29.3307
17.0124
4.42278
29.6588
44.2424
45.1075
41.4024
56.969
45.306
54.8895
34.3037
50.3515
37.2666
32.9103
34.2985
40.7402
29.0757
30.7753
36.2225
21.8002
29.7494
28.4469
39.951
33.9878
40.0434
19.8832
33.2683
32.1975
28.0877
31.6401
30.4112
33.475
21.7082
40.0155
37.7662
32.6089
30.5834
25.7369
29.4724
25.5928
36.1275
30.6782
26.8467
29.5941
23.5778
40.8564
28.4647
32.7292
31.8975
25.1197
26.9977
33.3642
29.4172
32.4887
31.168
28.2892
35.8462
25.6873
28.1379
39.4058
28.597
29.3775
24.8209
38.4144
33.6152
26.7599
32.8063
26.8785
33.958
29.7082
38.996
27.2405
25.2039
35.2857
33.1276
23.7328
33.5267
23.914
32.0373
28.9235
35.2789
28.9246
31.1631
30.6339
21.1091
40.5181
20.0026
39.2018
28.2147
28.0057
34.6564
15.7313
30.522
18.1368
4.76628
51.3854
29.3104
47.1235
17.7442
21.9068
30.4179
32.9654
26.2344
38.6047
30.5951
26.5497
28.5239
34.175
37.886
33.6169
24.289
29.5446
25.832
23.5473
28.8204
29.572
33.6265
39.9953
28.2713
32.5082
23.7403
30.429
28.1865
33.2527
31.7599
32.2741
37.0051
26.3123
37.22
28.2657
34.1683
33.7412
32.4133
33.7192
29.7899
27.5099
33.1438
22.9637
25.8783
23.1986
28.6304
32.4163
29.3184
25.4101
31.1057
32.2318
31.4596
39.4309
34.3936
37.6046
29.8319
34.2916
30.2599
33.1392
29.731
34.0882
30.5533
27.1177
28.3707
33.7116
28.2354
41.0741
23.6931
28.9566
28.5104
20.8363
31.9414
28.4258
27.2578
26.2573
32.3863
17.1284
36.4506
27.2202
45.8321
30.0672
27.5374
24.1298
17.4733
30.0953
18.7053
21.5304
16.0259
23.4786
41.776
0.754009
12.8848
31.4414
36.602
26.0233
28.9268
31.9434
35.3602
39.2381
21.6927
41.1349
35.1836
31.7125
35.4281
45.6785
41.5813
36.3565
34.9184
35.1264
30.3619
37.9587
39.0799
34.3919
28.6732
35.3322
41.4005
31.0424
33.8686
24.4589
35.7388
41.2423
40.2
31.1099
29.8908
25.9962
26.769
33.1257
30.4051
30.7258
27.8753
35.1153
31.7652
33.4713
22.9348
29.437
28.0232
31.8344
32.7917
40.5715
33.6129
30.813
29.0508
27.4393
29.0313
30.3851
27.396
29.0799
28.552
26.3579
29.527
28.8678
27.9741
33.7058
23.9171
24.4245
30.0407
31.6964
29.5113
29.7535
28.9466
33.5526
26.5057
27.9193
20.1233
26.1203
20.9519
29.9005
15.9769
32.0697
28.9632
32.4339
19.7552
23.9182
10.8143
35.8371
20.8305
18.1344
39.0654
23.0367
11.8988
53.1589
15.6507
40.6141
22.8556
